/*--------------------------------*- C++ -*----------------------------------*\
| =========                 |                                                 |
| \\      /  F ield         | OpenFOAM: The Open Source CFD Toolbox           |
|  \\    /   O peration     | Version:  v2012                                 |
|   \\  /    A nd           | Website:  www.openfoam.com                      |
|    \\/     M anipulation  |                                                 |
\*---------------------------------------------------------------------------*/
FoamFile
{
    version     2.0;
    format      ascii;
    class       faceList;
    location    "constant/polyMesh";
    object      faces;
}
// * * * * * * * * * * * * * * * * * * * * * * * * * * * * * * * * * * * * * //


4422
(
4(2 28 29 3)
4(26 27 29 28)
4(4 30 31 5)
4(28 29 31 30)
4(6 32 33 7)
4(30 31 33 32)
4(8 34 35 9)
4(32 33 35 34)
4(10 36 37 11)
4(34 35 37 36)
4(12 38 39 13)
4(36 37 39 38)
4(14 40 41 15)
4(38 39 41 40)
4(16 42 43 17)
4(40 41 43 42)
4(18 44 45 19)
4(42 43 45 44)
4(20 46 47 21)
4(44 45 47 46)
4(22 48 49 23)
4(46 47 49 48)
4(48 49 51 50)
4(28 54 55 29)
4(52 53 55 54)
4(30 56 57 31)
4(54 55 57 56)
4(32 58 59 33)
4(56 57 59 58)
4(34 60 61 35)
4(58 59 61 60)
4(36 62 63 37)
4(60 61 63 62)
4(38 64 65 39)
4(62 63 65 64)
4(40 66 67 41)
4(64 65 67 66)
4(42 68 69 43)
4(66 67 69 68)
4(44 70 71 45)
4(68 69 71 70)
4(46 72 73 47)
4(70 71 73 72)
4(48 74 75 49)
4(72 73 75 74)
4(74 75 77 76)
4(54 80 81 55)
4(78 79 81 80)
4(56 82 83 57)
4(80 81 83 82)
4(58 84 85 59)
4(82 83 85 84)
4(60 86 87 61)
4(84 85 87 86)
4(62 88 89 63)
4(86 87 89 88)
4(64 90 91 65)
4(88 89 91 90)
4(66 92 93 67)
4(90 91 93 92)
4(68 94 95 69)
4(92 93 95 94)
4(70 96 97 71)
4(94 95 97 96)
4(72 98 99 73)
4(96 97 99 98)
4(74 100 101 75)
4(98 99 101 100)
4(100 101 103 102)
4(80 106 107 81)
4(104 105 107 106)
4(82 108 109 83)
4(106 107 109 108)
4(84 110 111 85)
4(108 109 111 110)
4(86 112 113 87)
4(110 111 113 112)
4(88 114 115 89)
4(112 113 115 114)
4(90 116 117 91)
4(114 115 117 116)
4(92 118 119 93)
4(116 117 119 118)
4(94 120 121 95)
4(118 119 121 120)
4(96 122 123 97)
4(120 121 123 122)
4(98 124 125 99)
4(122 123 125 124)
4(100 126 127 101)
4(124 125 127 126)
4(126 127 129 128)
4(106 132 133 107)
4(130 131 133 132)
4(108 134 135 109)
4(132 133 135 134)
4(110 136 137 111)
4(134 135 137 136)
4(112 138 139 113)
4(136 137 139 138)
4(114 140 141 115)
4(138 139 141 140)
4(116 142 143 117)
4(140 141 143 142)
4(118 144 145 119)
4(142 143 145 144)
4(120 146 147 121)
4(144 145 147 146)
4(122 148 149 123)
4(146 147 149 148)
4(124 150 151 125)
4(148 149 151 150)
4(126 152 153 127)
4(150 151 153 152)
4(152 153 155 154)
4(132 158 159 133)
4(156 157 159 158)
4(134 160 161 135)
4(158 159 161 160)
4(136 162 163 137)
4(160 161 163 162)
4(138 164 165 139)
4(162 163 165 164)
4(140 166 167 141)
4(164 165 167 166)
4(142 168 169 143)
4(166 167 169 168)
4(144 170 171 145)
4(168 169 171 170)
4(146 172 173 147)
4(170 171 173 172)
4(148 174 175 149)
4(172 173 175 174)
4(150 176 177 151)
4(174 175 177 176)
4(152 178 179 153)
4(176 177 179 178)
4(178 179 181 180)
4(158 184 185 159)
4(182 183 185 184)
4(160 186 187 161)
4(184 185 187 186)
4(162 188 189 163)
4(186 187 189 188)
4(164 190 191 165)
4(188 189 191 190)
4(166 192 193 167)
4(190 191 193 192)
4(168 194 195 169)
4(192 193 195 194)
4(170 196 197 171)
4(194 195 197 196)
4(172 198 199 173)
4(196 197 199 198)
4(174 200 201 175)
4(198 199 201 200)
4(176 202 203 177)
4(200 201 203 202)
4(178 204 205 179)
4(202 203 205 204)
4(204 205 207 206)
4(184 210 211 185)
4(208 209 211 210)
4(186 212 213 187)
4(210 211 213 212)
4(188 214 215 189)
4(212 213 215 214)
4(190 216 217 191)
4(214 215 217 216)
4(192 218 219 193)
4(216 217 219 218)
4(194 220 221 195)
4(218 219 221 220)
4(196 222 223 197)
4(220 221 223 222)
4(198 224 225 199)
4(222 223 225 224)
4(200 226 227 201)
4(224 225 227 226)
4(202 228 229 203)
4(226 227 229 228)
4(204 230 231 205)
4(228 229 231 230)
4(230 231 233 232)
4(210 236 237 211)
4(234 235 237 236)
4(212 238 239 213)
4(236 237 239 238)
4(214 240 241 215)
4(238 239 241 240)
4(216 242 243 217)
4(240 241 243 242)
4(218 244 245 219)
4(242 243 245 244)
4(220 246 247 221)
4(244 245 247 246)
4(222 248 249 223)
4(246 247 249 248)
4(224 250 251 225)
4(248 249 251 250)
4(226 252 253 227)
4(250 251 253 252)
4(228 254 255 229)
4(252 253 255 254)
4(230 256 257 231)
4(254 255 257 256)
4(256 257 259 258)
4(236 262 263 237)
4(260 261 263 262)
4(238 264 265 239)
4(262 263 265 264)
4(240 266 267 241)
4(264 265 267 266)
4(242 268 269 243)
4(266 267 269 268)
4(244 270 271 245)
4(268 269 271 270)
4(246 272 273 247)
4(270 271 273 272)
4(248 274 275 249)
4(272 273 275 274)
4(250 276 277 251)
4(274 275 277 276)
4(252 278 279 253)
4(276 277 279 278)
4(254 280 281 255)
4(278 279 281 280)
4(256 282 283 257)
4(280 281 283 282)
4(282 283 285 284)
4(262 288 289 263)
4(286 287 289 288)
4(264 290 291 265)
4(288 289 291 290)
4(266 292 293 267)
4(290 291 293 292)
4(268 294 295 269)
4(292 293 295 294)
4(270 296 297 271)
4(294 295 297 296)
4(272 298 299 273)
4(296 297 299 298)
4(274 300 301 275)
4(298 299 301 300)
4(276 302 303 277)
4(300 301 303 302)
4(278 304 305 279)
4(302 303 305 304)
4(280 306 307 281)
4(304 305 307 306)
4(282 308 309 283)
4(306 307 309 308)
4(308 309 311 310)
4(288 314 315 289)
4(312 313 315 314)
4(290 316 317 291)
4(314 315 317 316)
4(292 318 319 293)
4(316 317 319 318)
4(294 320 321 295)
4(318 319 321 320)
4(296 322 323 297)
4(320 321 323 322)
4(298 324 325 299)
4(322 323 325 324)
4(300 326 327 301)
4(324 325 327 326)
4(302 328 329 303)
4(326 327 329 328)
4(304 330 331 305)
4(328 329 331 330)
4(306 332 333 307)
4(330 331 333 332)
4(308 334 335 309)
4(332 333 335 334)
4(334 335 337 336)
4(314 340 341 315)
4(338 339 341 340)
4(316 342 343 317)
4(340 341 343 342)
4(318 344 345 319)
4(342 343 345 344)
4(320 346 347 321)
4(344 345 347 346)
4(322 348 349 323)
4(346 347 349 348)
4(324 350 351 325)
4(348 349 351 350)
4(326 352 353 327)
4(350 351 353 352)
4(328 354 355 329)
4(352 353 355 354)
4(330 356 357 331)
4(354 355 357 356)
4(332 358 359 333)
4(356 357 359 358)
4(334 360 361 335)
4(358 359 361 360)
4(360 361 363 362)
4(340 366 367 341)
4(364 365 367 366)
4(342 368 369 343)
4(366 367 369 368)
4(344 370 371 345)
4(368 369 371 370)
4(346 372 373 347)
4(370 371 373 372)
4(348 374 375 349)
4(372 373 375 374)
4(350 376 377 351)
4(374 375 377 376)
4(352 378 379 353)
4(376 377 379 378)
4(354 380 381 355)
4(378 379 381 380)
4(356 382 383 357)
4(380 381 383 382)
4(358 384 385 359)
4(382 383 385 384)
4(360 386 387 361)
4(384 385 387 386)
4(386 387 389 388)
4(366 392 393 367)
4(390 391 393 392)
4(368 394 395 369)
4(392 393 395 394)
4(370 396 397 371)
4(394 395 397 396)
4(372 398 399 373)
4(396 397 399 398)
4(374 400 401 375)
4(398 399 401 400)
4(376 402 403 377)
4(400 401 403 402)
4(378 404 405 379)
4(402 403 405 404)
4(380 406 407 381)
4(404 405 407 406)
4(382 408 409 383)
4(406 407 409 408)
4(384 410 411 385)
4(408 409 411 410)
4(386 412 413 387)
4(410 411 413 412)
4(412 413 415 414)
4(392 418 419 393)
4(416 417 419 418)
4(394 420 421 395)
4(418 419 421 420)
4(396 422 423 397)
4(420 421 423 422)
4(398 424 425 399)
4(422 423 425 424)
4(400 426 427 401)
4(424 425 427 426)
4(402 428 429 403)
4(426 427 429 428)
4(404 430 431 405)
4(428 429 431 430)
4(406 432 433 407)
4(430 431 433 432)
4(408 434 435 409)
4(432 433 435 434)
4(410 436 437 411)
4(434 435 437 436)
4(412 438 439 413)
4(436 437 439 438)
4(438 439 441 440)
4(418 444 445 419)
4(442 443 445 444)
4(420 446 447 421)
4(444 445 447 446)
4(422 448 449 423)
4(446 447 449 448)
4(424 450 451 425)
4(448 449 451 450)
4(426 452 453 427)
4(450 451 453 452)
4(428 454 455 429)
4(452 453 455 454)
4(430 456 457 431)
4(454 455 457 456)
4(432 458 459 433)
4(456 457 459 458)
4(434 460 461 435)
4(458 459 461 460)
4(436 462 463 437)
4(460 461 463 462)
4(438 464 465 439)
4(462 463 465 464)
4(464 465 467 466)
4(444 470 471 445)
4(468 469 471 470)
4(446 472 473 447)
4(470 471 473 472)
4(448 474 475 449)
4(472 473 475 474)
4(450 476 477 451)
4(474 475 477 476)
4(452 478 479 453)
4(476 477 479 478)
4(454 480 481 455)
4(478 479 481 480)
4(456 482 483 457)
4(480 481 483 482)
4(458 484 485 459)
4(482 483 485 484)
4(460 486 487 461)
4(484 485 487 486)
4(462 488 489 463)
4(486 487 489 488)
4(464 490 491 465)
4(488 489 491 490)
4(490 491 493 492)
4(470 496 497 471)
4(494 495 497 496)
4(472 498 499 473)
4(496 497 499 498)
4(474 500 501 475)
4(498 499 501 500)
4(476 502 503 477)
4(500 501 503 502)
4(478 504 505 479)
4(502 503 505 504)
4(480 506 507 481)
4(504 505 507 506)
4(482 508 509 483)
4(506 507 509 508)
4(484 510 511 485)
4(508 509 511 510)
4(486 512 513 487)
4(510 511 513 512)
4(488 514 515 489)
4(512 513 515 514)
4(490 516 517 491)
4(514 515 517 516)
4(516 517 519 518)
4(496 522 523 497)
4(520 521 523 522)
4(498 524 525 499)
4(522 523 525 524)
4(500 526 527 501)
4(524 525 527 526)
4(502 528 529 503)
4(526 527 529 528)
4(504 530 531 505)
4(528 529 531 530)
4(506 532 533 507)
4(530 531 533 532)
4(508 534 535 509)
4(532 533 535 534)
4(510 536 537 511)
4(534 535 537 536)
4(512 538 539 513)
4(536 537 539 538)
4(514 540 541 515)
4(538 539 541 540)
4(516 542 543 517)
4(540 541 543 542)
4(542 543 545 544)
4(522 548 549 523)
4(546 547 549 548)
4(524 550 551 525)
4(548 549 551 550)
4(526 552 553 527)
4(550 551 553 552)
4(528 554 555 529)
4(552 553 555 554)
4(530 556 557 531)
4(554 555 557 556)
4(532 558 559 533)
4(556 557 559 558)
4(534 560 561 535)
4(558 559 561 560)
4(536 562 563 537)
4(560 561 563 562)
4(538 564 565 539)
4(562 563 565 564)
4(540 566 567 541)
4(564 565 567 566)
4(542 568 569 543)
4(566 567 569 568)
4(568 569 571 570)
4(548 574 575 549)
4(572 573 575 574)
4(550 576 577 551)
4(574 575 577 576)
4(552 578 579 553)
4(576 577 579 578)
4(554 580 581 555)
4(578 579 581 580)
4(556 582 583 557)
4(580 581 583 582)
4(558 584 585 559)
4(582 583 585 584)
4(560 586 587 561)
4(584 585 587 586)
4(562 588 589 563)
4(586 587 589 588)
4(564 590 591 565)
4(588 589 591 590)
4(566 592 593 567)
4(590 591 593 592)
4(568 594 595 569)
4(592 593 595 594)
4(594 595 597 596)
4(574 600 601 575)
4(598 599 601 600)
4(576 602 603 577)
4(600 601 603 602)
4(578 604 605 579)
4(602 603 605 604)
4(580 606 607 581)
4(604 605 607 606)
4(582 608 609 583)
4(606 607 609 608)
4(584 610 611 585)
4(608 609 611 610)
4(586 612 613 587)
4(610 611 613 612)
4(588 614 615 589)
4(612 613 615 614)
4(590 616 617 591)
4(614 615 617 616)
4(592 618 619 593)
4(616 617 619 618)
4(594 620 621 595)
4(618 619 621 620)
4(620 621 623 622)
4(600 626 627 601)
4(624 625 627 626)
4(602 628 629 603)
4(626 627 629 628)
4(604 630 631 605)
4(628 629 631 630)
4(606 632 633 607)
4(630 631 633 632)
4(608 634 635 609)
4(632 633 635 634)
4(610 636 637 611)
4(634 635 637 636)
4(612 638 639 613)
4(636 637 639 638)
4(614 640 641 615)
4(638 639 641 640)
4(616 642 643 617)
4(640 641 643 642)
4(618 644 645 619)
4(642 643 645 644)
4(620 646 647 621)
4(644 645 647 646)
4(646 647 649 648)
4(626 652 653 627)
4(650 651 653 652)
4(628 654 655 629)
4(652 653 655 654)
4(630 656 657 631)
4(654 655 657 656)
4(632 658 659 633)
4(656 657 659 658)
4(634 660 661 635)
4(658 659 661 660)
4(636 662 663 637)
4(660 661 663 662)
4(638 664 665 639)
4(662 663 665 664)
4(640 666 667 641)
4(664 665 667 666)
4(642 668 669 643)
4(666 667 669 668)
4(644 670 671 645)
4(668 669 671 670)
4(646 672 673 647)
4(670 671 673 672)
4(672 673 675 674)
4(652 678 679 653)
4(676 677 679 678)
4(654 680 681 655)
4(678 679 681 680)
4(656 682 683 657)
4(680 681 683 682)
4(658 684 685 659)
4(682 683 685 684)
4(660 686 687 661)
4(684 685 687 686)
4(662 688 689 663)
4(686 687 689 688)
4(664 690 691 665)
4(688 689 691 690)
4(666 692 693 667)
4(690 691 693 692)
4(668 694 695 669)
4(692 693 695 694)
4(670 696 697 671)
4(694 695 697 696)
4(672 698 699 673)
4(696 697 699 698)
4(698 699 701 700)
4(678 704 705 679)
4(702 703 705 704)
4(680 706 707 681)
4(704 705 707 706)
4(682 708 709 683)
4(706 707 709 708)
4(684 710 711 685)
4(708 709 711 710)
4(686 712 713 687)
4(710 711 713 712)
4(688 714 715 689)
4(712 713 715 714)
4(690 716 717 691)
4(714 715 717 716)
4(692 718 719 693)
4(716 717 719 718)
4(694 720 721 695)
4(718 719 721 720)
4(696 722 723 697)
4(720 721 723 722)
4(698 724 725 699)
4(722 723 725 724)
4(724 725 727 726)
4(704 730 731 705)
4(728 729 731 730)
4(706 732 733 707)
4(730 731 733 732)
4(708 734 735 709)
4(732 733 735 734)
4(710 736 737 711)
4(734 735 737 736)
4(712 738 739 713)
4(736 737 739 738)
4(714 740 741 715)
4(738 739 741 740)
4(716 742 743 717)
4(740 741 743 742)
4(718 744 745 719)
4(742 743 745 744)
4(720 746 747 721)
4(744 745 747 746)
4(722 748 749 723)
4(746 747 749 748)
4(724 750 751 725)
4(748 749 751 750)
4(750 751 753 752)
4(730 756 757 731)
4(754 755 757 756)
4(732 758 759 733)
4(756 757 759 758)
4(734 760 761 735)
4(758 759 761 760)
4(736 762 763 737)
4(760 761 763 762)
4(738 764 765 739)
4(762 763 765 764)
4(740 766 767 741)
4(764 765 767 766)
4(742 768 769 743)
4(766 767 769 768)
4(744 770 771 745)
4(768 769 771 770)
4(746 772 773 747)
4(770 771 773 772)
4(748 774 775 749)
4(772 773 775 774)
4(750 776 777 751)
4(774 775 777 776)
4(776 777 779 778)
4(756 782 783 757)
4(780 781 783 782)
4(758 784 785 759)
4(782 783 785 784)
4(760 786 787 761)
4(784 785 787 786)
4(762 788 789 763)
4(786 787 789 788)
4(764 790 791 765)
4(788 789 791 790)
4(766 792 793 767)
4(790 791 793 792)
4(768 794 795 769)
4(792 793 795 794)
4(770 796 797 771)
4(794 795 797 796)
4(772 798 799 773)
4(796 797 799 798)
4(774 800 801 775)
4(798 799 801 800)
4(776 802 803 777)
4(800 801 803 802)
4(802 803 805 804)
4(782 808 809 783)
4(806 807 809 808)
4(784 810 811 785)
4(808 809 811 810)
4(786 812 813 787)
4(810 811 813 812)
4(788 814 815 789)
4(812 813 815 814)
4(790 816 817 791)
4(814 815 817 816)
4(792 818 819 793)
4(816 817 819 818)
4(794 820 821 795)
4(818 819 821 820)
4(796 822 823 797)
4(820 821 823 822)
4(798 824 825 799)
4(822 823 825 824)
4(800 826 827 801)
4(824 825 827 826)
4(802 828 829 803)
4(826 827 829 828)
4(828 829 831 830)
4(808 834 835 809)
4(832 833 835 834)
4(810 836 837 811)
4(834 835 837 836)
4(812 838 839 813)
4(836 837 839 838)
4(814 840 841 815)
4(838 839 841 840)
4(816 842 843 817)
4(840 841 843 842)
4(818 844 845 819)
4(842 843 845 844)
4(820 846 847 821)
4(844 845 847 846)
4(822 848 849 823)
4(846 847 849 848)
4(824 850 851 825)
4(848 849 851 850)
4(826 852 853 827)
4(850 851 853 852)
4(828 854 855 829)
4(852 853 855 854)
4(854 855 857 856)
4(834 860 861 835)
4(858 859 861 860)
4(836 862 863 837)
4(860 861 863 862)
4(838 864 865 839)
4(862 863 865 864)
4(840 866 867 841)
4(864 865 867 866)
4(842 868 869 843)
4(866 867 869 868)
4(844 870 871 845)
4(868 869 871 870)
4(846 872 873 847)
4(870 871 873 872)
4(848 874 875 849)
4(872 873 875 874)
4(850 876 877 851)
4(874 875 877 876)
4(852 878 879 853)
4(876 877 879 878)
4(854 880 881 855)
4(878 879 881 880)
4(880 881 883 882)
4(860 886 887 861)
4(884 885 887 886)
4(862 888 889 863)
4(886 887 889 888)
4(864 890 891 865)
4(888 889 891 890)
4(866 892 893 867)
4(890 891 893 892)
4(868 894 895 869)
4(892 893 895 894)
4(870 896 897 871)
4(894 895 897 896)
4(872 898 899 873)
4(896 897 899 898)
4(874 900 901 875)
4(898 899 901 900)
4(876 902 903 877)
4(900 901 903 902)
4(878 904 905 879)
4(902 903 905 904)
4(880 906 907 881)
4(904 905 907 906)
4(906 907 909 908)
4(886 912 913 887)
4(910 911 913 912)
4(888 914 915 889)
4(912 913 915 914)
4(890 916 917 891)
4(914 915 917 916)
4(892 918 919 893)
4(916 917 919 918)
4(894 920 921 895)
4(918 919 921 920)
4(896 922 923 897)
4(920 921 923 922)
4(898 924 925 899)
4(922 923 925 924)
4(900 926 927 901)
4(924 925 927 926)
4(902 928 929 903)
4(926 927 929 928)
4(904 930 931 905)
4(928 929 931 930)
4(906 932 933 907)
4(930 931 933 932)
4(932 933 935 934)
4(912 938 939 913)
4(936 937 939 938)
4(914 940 941 915)
4(938 939 941 940)
4(916 942 943 917)
4(940 941 943 942)
4(918 944 945 919)
4(942 943 945 944)
4(920 946 947 921)
4(944 945 947 946)
4(922 948 949 923)
4(946 947 949 948)
4(924 950 951 925)
4(948 949 951 950)
4(926 952 953 927)
4(950 951 953 952)
4(928 954 955 929)
4(952 953 955 954)
4(930 956 957 931)
4(954 955 957 956)
4(932 958 959 933)
4(956 957 959 958)
4(958 959 961 960)
4(938 964 965 939)
4(962 963 965 964)
4(940 966 967 941)
4(964 965 967 966)
4(942 968 969 943)
4(966 967 969 968)
4(944 970 971 945)
4(968 969 971 970)
4(946 972 973 947)
4(970 971 973 972)
4(948 974 975 949)
4(972 973 975 974)
4(950 976 977 951)
4(974 975 977 976)
4(952 978 979 953)
4(976 977 979 978)
4(954 980 981 955)
4(978 979 981 980)
4(956 982 983 957)
4(980 981 983 982)
4(958 984 985 959)
4(982 983 985 984)
4(984 985 987 986)
4(964 990 991 965)
4(988 989 991 990)
4(966 992 993 967)
4(990 991 993 992)
4(968 994 995 969)
4(992 993 995 994)
4(970 996 997 971)
4(994 995 997 996)
4(972 998 999 973)
4(996 997 999 998)
4(974 1000 1001 975)
4(998 999 1001 1000)
4(976 1002 1003 977)
4(1000 1001 1003 1002)
4(978 1004 1005 979)
4(1002 1003 1005 1004)
4(980 1006 1007 981)
4(1004 1005 1007 1006)
4(982 1008 1009 983)
4(1006 1007 1009 1008)
4(984 1010 1011 985)
4(1008 1009 1011 1010)
4(1010 1011 1013 1012)
4(990 1016 1017 991)
4(1014 1015 1017 1016)
4(992 1018 1019 993)
4(1016 1017 1019 1018)
4(994 1020 1021 995)
4(1018 1019 1021 1020)
4(996 1022 1023 997)
4(1020 1021 1023 1022)
4(998 1024 1025 999)
4(1022 1023 1025 1024)
4(1000 1026 1027 1001)
4(1024 1025 1027 1026)
4(1002 1028 1029 1003)
4(1026 1027 1029 1028)
4(1004 1030 1031 1005)
4(1028 1029 1031 1030)
4(1006 1032 1033 1007)
4(1030 1031 1033 1032)
4(1008 1034 1035 1009)
4(1032 1033 1035 1034)
4(1010 1036 1037 1011)
4(1034 1035 1037 1036)
4(1036 1037 1039 1038)
4(1016 1042 1043 1017)
4(1040 1041 1043 1042)
4(1018 1044 1045 1019)
4(1042 1043 1045 1044)
4(1020 1046 1047 1021)
4(1044 1045 1047 1046)
4(1022 1048 1049 1023)
4(1046 1047 1049 1048)
4(1024 1050 1051 1025)
4(1048 1049 1051 1050)
4(1026 1052 1053 1027)
4(1050 1051 1053 1052)
4(1028 1054 1055 1029)
4(1052 1053 1055 1054)
4(1030 1056 1057 1031)
4(1054 1055 1057 1056)
4(1032 1058 1059 1033)
4(1056 1057 1059 1058)
4(1034 1060 1061 1035)
4(1058 1059 1061 1060)
4(1036 1062 1063 1037)
4(1060 1061 1063 1062)
4(1062 1063 1065 1064)
4(1042 1068 1069 1043)
4(1066 1067 1069 1068)
4(1044 1070 1071 1045)
4(1068 1069 1071 1070)
4(1046 1072 1073 1047)
4(1070 1071 1073 1072)
4(1048 1074 1075 1049)
4(1072 1073 1075 1074)
4(1050 1076 1077 1051)
4(1074 1075 1077 1076)
4(1052 1078 1079 1053)
4(1076 1077 1079 1078)
4(1054 1080 1081 1055)
4(1078 1079 1081 1080)
4(1056 1082 1083 1057)
4(1080 1081 1083 1082)
4(1058 1084 1085 1059)
4(1082 1083 1085 1084)
4(1060 1086 1087 1061)
4(1084 1085 1087 1086)
4(1062 1088 1089 1063)
4(1086 1087 1089 1088)
4(1088 1089 1091 1090)
4(1068 1094 1095 1069)
4(1092 1093 1095 1094)
4(1070 1096 1097 1071)
4(1094 1095 1097 1096)
4(1072 1098 1099 1073)
4(1096 1097 1099 1098)
4(1074 1100 1101 1075)
4(1098 1099 1101 1100)
4(1076 1102 1103 1077)
4(1100 1101 1103 1102)
4(1078 1104 1105 1079)
4(1102 1103 1105 1104)
4(1080 1106 1107 1081)
4(1104 1105 1107 1106)
4(1082 1108 1109 1083)
4(1106 1107 1109 1108)
4(1084 1110 1111 1085)
4(1108 1109 1111 1110)
4(1086 1112 1113 1087)
4(1110 1111 1113 1112)
4(1088 1114 1115 1089)
4(1112 1113 1115 1114)
4(1114 1115 1117 1116)
4(1094 1120 1121 1095)
4(1118 1119 1121 1120)
4(1096 1122 1123 1097)
4(1120 1121 1123 1122)
4(1098 1124 1125 1099)
4(1122 1123 1125 1124)
4(1100 1126 1127 1101)
4(1124 1125 1127 1126)
4(1102 1128 1129 1103)
4(1126 1127 1129 1128)
4(1104 1130 1131 1105)
4(1128 1129 1131 1130)
4(1106 1132 1133 1107)
4(1130 1131 1133 1132)
4(1108 1134 1135 1109)
4(1132 1133 1135 1134)
4(1110 1136 1137 1111)
4(1134 1135 1137 1136)
4(1112 1138 1139 1113)
4(1136 1137 1139 1138)
4(1114 1140 1141 1115)
4(1138 1139 1141 1140)
4(1140 1141 1143 1142)
4(1120 1146 1147 1121)
4(1144 1145 1147 1146)
4(1122 1148 1149 1123)
4(1146 1147 1149 1148)
4(1124 1150 1151 1125)
4(1148 1149 1151 1150)
4(1126 1152 1153 1127)
4(1150 1151 1153 1152)
4(1128 1154 1155 1129)
4(1152 1153 1155 1154)
4(1130 1156 1157 1131)
4(1154 1155 1157 1156)
4(1132 1158 1159 1133)
4(1156 1157 1159 1158)
4(1134 1160 1161 1135)
4(1158 1159 1161 1160)
4(1136 1162 1163 1137)
4(1160 1161 1163 1162)
4(1138 1164 1165 1139)
4(1162 1163 1165 1164)
4(1140 1166 1167 1141)
4(1164 1165 1167 1166)
4(1166 1167 1169 1168)
4(1146 1172 1173 1147)
4(1170 1171 1173 1172)
4(1148 1174 1175 1149)
4(1172 1173 1175 1174)
4(1150 1176 1177 1151)
4(1174 1175 1177 1176)
4(1152 1178 1179 1153)
4(1176 1177 1179 1178)
4(1154 1180 1181 1155)
4(1178 1179 1181 1180)
4(1156 1182 1183 1157)
4(1180 1181 1183 1182)
4(1158 1184 1185 1159)
4(1182 1183 1185 1184)
4(1160 1186 1187 1161)
4(1184 1185 1187 1186)
4(1162 1188 1189 1163)
4(1186 1187 1189 1188)
4(1164 1190 1191 1165)
4(1188 1189 1191 1190)
4(1166 1192 1193 1167)
4(1190 1191 1193 1192)
4(1192 1193 1195 1194)
4(1172 1198 1199 1173)
4(1196 1197 1199 1198)
4(1174 1200 1201 1175)
4(1198 1199 1201 1200)
4(1176 1202 1203 1177)
4(1200 1201 1203 1202)
4(1178 1204 1205 1179)
4(1202 1203 1205 1204)
4(1180 1206 1207 1181)
4(1204 1205 1207 1206)
4(1182 1208 1209 1183)
4(1206 1207 1209 1208)
4(1184 1210 1211 1185)
4(1208 1209 1211 1210)
4(1186 1212 1213 1187)
4(1210 1211 1213 1212)
4(1188 1214 1215 1189)
4(1212 1213 1215 1214)
4(1190 1216 1217 1191)
4(1214 1215 1217 1216)
4(1192 1218 1219 1193)
4(1216 1217 1219 1218)
4(1218 1219 1221 1220)
4(1198 1224 1225 1199)
4(1222 1223 1225 1224)
4(1200 1226 1227 1201)
4(1224 1225 1227 1226)
4(1202 1228 1229 1203)
4(1226 1227 1229 1228)
4(1204 1230 1231 1205)
4(1228 1229 1231 1230)
4(1206 1232 1233 1207)
4(1230 1231 1233 1232)
4(1208 1234 1235 1209)
4(1232 1233 1235 1234)
4(1210 1236 1237 1211)
4(1234 1235 1237 1236)
4(1212 1238 1239 1213)
4(1236 1237 1239 1238)
4(1214 1240 1241 1215)
4(1238 1239 1241 1240)
4(1216 1242 1243 1217)
4(1240 1241 1243 1242)
4(1218 1244 1245 1219)
4(1242 1243 1245 1244)
4(1244 1245 1247 1246)
4(1224 1250 1251 1225)
4(1248 1249 1251 1250)
4(1226 1252 1253 1227)
4(1250 1251 1253 1252)
4(1228 1254 1255 1229)
4(1252 1253 1255 1254)
4(1230 1256 1257 1231)
4(1254 1255 1257 1256)
4(1232 1258 1259 1233)
4(1256 1257 1259 1258)
4(1234 1260 1261 1235)
4(1258 1259 1261 1260)
4(1236 1262 1263 1237)
4(1260 1261 1263 1262)
4(1238 1264 1265 1239)
4(1262 1263 1265 1264)
4(1240 1266 1267 1241)
4(1264 1265 1267 1266)
4(1242 1268 1269 1243)
4(1266 1267 1269 1268)
4(1244 1270 1271 1245)
4(1268 1269 1271 1270)
4(1270 1271 1273 1272)
4(1250 1276 1277 1251)
4(1274 1275 1277 1276)
4(1252 1278 1279 1253)
4(1276 1277 1279 1278)
4(1254 1280 1281 1255)
4(1278 1279 1281 1280)
4(1256 1282 1283 1257)
4(1280 1281 1283 1282)
4(1258 1284 1285 1259)
4(1282 1283 1285 1284)
4(1260 1286 1287 1261)
4(1284 1285 1287 1286)
4(1262 1288 1289 1263)
4(1286 1287 1289 1288)
4(1264 1290 1291 1265)
4(1288 1289 1291 1290)
4(1266 1292 1293 1267)
4(1290 1291 1293 1292)
4(1268 1294 1295 1269)
4(1292 1293 1295 1294)
4(1270 1296 1297 1271)
4(1294 1295 1297 1296)
4(1296 1297 1299 1298)
4(1276 1302 1303 1277)
4(1300 1301 1303 1302)
4(1278 1304 1305 1279)
4(1302 1303 1305 1304)
4(1280 1306 1307 1281)
4(1304 1305 1307 1306)
4(1282 1308 1309 1283)
4(1306 1307 1309 1308)
4(1284 1310 1311 1285)
4(1308 1309 1311 1310)
4(1286 1312 1313 1287)
4(1310 1311 1313 1312)
4(1288 1314 1315 1289)
4(1312 1313 1315 1314)
4(1290 1316 1317 1291)
4(1314 1315 1317 1316)
4(1292 1318 1319 1293)
4(1316 1317 1319 1318)
4(1294 1320 1321 1295)
4(1318 1319 1321 1320)
4(1296 1322 1323 1297)
4(1320 1321 1323 1322)
4(1322 1323 1325 1324)
4(1302 1328 1329 1303)
4(1326 1327 1329 1328)
4(1304 1330 1331 1305)
4(1328 1329 1331 1330)
4(1306 1332 1333 1307)
4(1330 1331 1333 1332)
4(1308 1334 1335 1309)
4(1332 1333 1335 1334)
4(1310 1336 1337 1311)
4(1334 1335 1337 1336)
4(1312 1338 1339 1313)
4(1336 1337 1339 1338)
4(1314 1340 1341 1315)
4(1338 1339 1341 1340)
4(1316 1342 1343 1317)
4(1340 1341 1343 1342)
4(1318 1344 1345 1319)
4(1342 1343 1345 1344)
4(1320 1346 1347 1321)
4(1344 1345 1347 1346)
4(1322 1348 1349 1323)
4(1346 1347 1349 1348)
4(1348 1349 1351 1350)
4(1328 1354 1355 1329)
4(1352 1353 1355 1354)
4(1330 1356 1357 1331)
4(1354 1355 1357 1356)
4(1332 1358 1359 1333)
4(1356 1357 1359 1358)
4(1334 1360 1361 1335)
4(1358 1359 1361 1360)
4(1336 1362 1363 1337)
4(1360 1361 1363 1362)
4(1338 1364 1365 1339)
4(1362 1363 1365 1364)
4(1340 1366 1367 1341)
4(1364 1365 1367 1366)
4(1342 1368 1369 1343)
4(1366 1367 1369 1368)
4(1344 1370 1371 1345)
4(1368 1369 1371 1370)
4(1346 1372 1373 1347)
4(1370 1371 1373 1372)
4(1348 1374 1375 1349)
4(1372 1373 1375 1374)
4(1374 1375 1377 1376)
4(1354 1380 1381 1355)
4(1378 1379 1381 1380)
4(1356 1382 1383 1357)
4(1380 1381 1383 1382)
4(1358 1384 1385 1359)
4(1382 1383 1385 1384)
4(1360 1386 1387 1361)
4(1384 1385 1387 1386)
4(1362 1388 1389 1363)
4(1386 1387 1389 1388)
4(1364 1390 1391 1365)
4(1388 1389 1391 1390)
4(1366 1392 1393 1367)
4(1390 1391 1393 1392)
4(1368 1394 1395 1369)
4(1392 1393 1395 1394)
4(1370 1396 1397 1371)
4(1394 1395 1397 1396)
4(1372 1398 1399 1373)
4(1396 1397 1399 1398)
4(1374 1400 1401 1375)
4(1398 1399 1401 1400)
4(1400 1401 1403 1402)
4(1380 1406 1407 1381)
4(1404 1405 1407 1406)
4(1382 1408 1409 1383)
4(1406 1407 1409 1408)
4(1384 1410 1411 1385)
4(1408 1409 1411 1410)
4(1386 1412 1413 1387)
4(1410 1411 1413 1412)
4(1388 1414 1415 1389)
4(1412 1413 1415 1414)
4(1390 1416 1417 1391)
4(1414 1415 1417 1416)
4(1392 1418 1419 1393)
4(1416 1417 1419 1418)
4(1394 1420 1421 1395)
4(1418 1419 1421 1420)
4(1396 1422 1423 1397)
4(1420 1421 1423 1422)
4(1398 1424 1425 1399)
4(1422 1423 1425 1424)
4(1400 1426 1427 1401)
4(1424 1425 1427 1426)
4(1426 1427 1429 1428)
4(1406 1432 1433 1407)
4(1430 1431 1433 1432)
4(1408 1434 1435 1409)
4(1432 1433 1435 1434)
4(1410 1436 1437 1411)
4(1434 1435 1437 1436)
4(1412 1438 1439 1413)
4(1436 1437 1439 1438)
4(1414 1440 1441 1415)
4(1438 1439 1441 1440)
4(1416 1442 1443 1417)
4(1440 1441 1443 1442)
4(1418 1444 1445 1419)
4(1442 1443 1445 1444)
4(1420 1446 1447 1421)
4(1444 1445 1447 1446)
4(1422 1448 1449 1423)
4(1446 1447 1449 1448)
4(1424 1450 1451 1425)
4(1448 1449 1451 1450)
4(1426 1452 1453 1427)
4(1450 1451 1453 1452)
4(1452 1453 1455 1454)
4(1432 1458 1459 1433)
4(1456 1457 1459 1458)
4(1434 1460 1461 1435)
4(1458 1459 1461 1460)
4(1436 1462 1463 1437)
4(1460 1461 1463 1462)
4(1438 1464 1465 1439)
4(1462 1463 1465 1464)
4(1440 1466 1467 1441)
4(1464 1465 1467 1466)
4(1442 1468 1469 1443)
4(1466 1467 1469 1468)
4(1444 1470 1471 1445)
4(1468 1469 1471 1470)
4(1446 1472 1473 1447)
4(1470 1471 1473 1472)
4(1448 1474 1475 1449)
4(1472 1473 1475 1474)
4(1450 1476 1477 1451)
4(1474 1475 1477 1476)
4(1452 1478 1479 1453)
4(1476 1477 1479 1478)
4(1478 1479 1481 1480)
4(1458 1484 1485 1459)
4(1482 1483 1485 1484)
4(1460 1486 1487 1461)
4(1484 1485 1487 1486)
4(1462 1488 1489 1463)
4(1486 1487 1489 1488)
4(1464 1490 1491 1465)
4(1488 1489 1491 1490)
4(1466 1492 1493 1467)
4(1490 1491 1493 1492)
4(1468 1494 1495 1469)
4(1492 1493 1495 1494)
4(1470 1496 1497 1471)
4(1494 1495 1497 1496)
4(1472 1498 1499 1473)
4(1496 1497 1499 1498)
4(1474 1500 1501 1475)
4(1498 1499 1501 1500)
4(1476 1502 1503 1477)
4(1500 1501 1503 1502)
4(1478 1504 1505 1479)
4(1502 1503 1505 1504)
4(1504 1505 1507 1506)
4(1484 1510 1511 1485)
4(1508 1509 1511 1510)
4(1486 1512 1513 1487)
4(1510 1511 1513 1512)
4(1488 1514 1515 1489)
4(1512 1513 1515 1514)
4(1490 1516 1517 1491)
4(1514 1515 1517 1516)
4(1492 1518 1519 1493)
4(1516 1517 1519 1518)
4(1494 1520 1521 1495)
4(1518 1519 1521 1520)
4(1496 1522 1523 1497)
4(1520 1521 1523 1522)
4(1498 1524 1525 1499)
4(1522 1523 1525 1524)
4(1500 1526 1527 1501)
4(1524 1525 1527 1526)
4(1502 1528 1529 1503)
4(1526 1527 1529 1528)
4(1504 1530 1531 1505)
4(1528 1529 1531 1530)
4(1530 1531 1533 1532)
4(1510 1536 1537 1511)
4(1534 1535 1537 1536)
4(1512 1538 1539 1513)
4(1536 1537 1539 1538)
4(1514 1540 1541 1515)
4(1538 1539 1541 1540)
4(1516 1542 1543 1517)
4(1540 1541 1543 1542)
4(1518 1544 1545 1519)
4(1542 1543 1545 1544)
4(1520 1546 1547 1521)
4(1544 1545 1547 1546)
4(1522 1548 1549 1523)
4(1546 1547 1549 1548)
4(1524 1550 1551 1525)
4(1548 1549 1551 1550)
4(1526 1552 1553 1527)
4(1550 1551 1553 1552)
4(1528 1554 1555 1529)
4(1552 1553 1555 1554)
4(1530 1556 1557 1531)
4(1554 1555 1557 1556)
4(1556 1557 1559 1558)
4(1536 1562 1563 1537)
4(1560 1561 1563 1562)
4(1538 1564 1565 1539)
4(1562 1563 1565 1564)
4(1540 1566 1567 1541)
4(1564 1565 1567 1566)
4(1542 1568 1569 1543)
4(1566 1567 1569 1568)
4(1544 1570 1571 1545)
4(1568 1569 1571 1570)
4(1546 1572 1573 1547)
4(1570 1571 1573 1572)
4(1548 1574 1575 1549)
4(1572 1573 1575 1574)
4(1550 1576 1577 1551)
4(1574 1575 1577 1576)
4(1552 1578 1579 1553)
4(1576 1577 1579 1578)
4(1554 1580 1581 1555)
4(1578 1579 1581 1580)
4(1556 1582 1583 1557)
4(1580 1581 1583 1582)
4(1582 1583 1585 1584)
4(1562 1588 1589 1563)
4(1586 1587 1589 1588)
4(1564 1590 1591 1565)
4(1588 1589 1591 1590)
4(1566 1592 1593 1567)
4(1590 1591 1593 1592)
4(1568 1594 1595 1569)
4(1592 1593 1595 1594)
4(1570 1596 1597 1571)
4(1594 1595 1597 1596)
4(1572 1598 1599 1573)
4(1596 1597 1599 1598)
4(1574 1600 1601 1575)
4(1598 1599 1601 1600)
4(1576 1602 1603 1577)
4(1600 1601 1603 1602)
4(1578 1604 1605 1579)
4(1602 1603 1605 1604)
4(1580 1606 1607 1581)
4(1604 1605 1607 1606)
4(1582 1608 1609 1583)
4(1606 1607 1609 1608)
4(1608 1609 1611 1610)
4(1588 1614 1615 1589)
4(1612 1613 1615 1614)
4(1590 1616 1617 1591)
4(1614 1615 1617 1616)
4(1592 1618 1619 1593)
4(1616 1617 1619 1618)
4(1594 1620 1621 1595)
4(1618 1619 1621 1620)
4(1596 1622 1623 1597)
4(1620 1621 1623 1622)
4(1598 1624 1625 1599)
4(1622 1623 1625 1624)
4(1600 1626 1627 1601)
4(1624 1625 1627 1626)
4(1602 1628 1629 1603)
4(1626 1627 1629 1628)
4(1604 1630 1631 1605)
4(1628 1629 1631 1630)
4(1606 1632 1633 1607)
4(1630 1631 1633 1632)
4(1608 1634 1635 1609)
4(1632 1633 1635 1634)
4(1634 1635 1637 1636)
4(1614 1640 1641 1615)
4(1638 1639 1641 1640)
4(1616 1642 1643 1617)
4(1640 1641 1643 1642)
4(1618 1644 1645 1619)
4(1642 1643 1645 1644)
4(1620 1646 1647 1621)
4(1644 1645 1647 1646)
4(1622 1648 1649 1623)
4(1646 1647 1649 1648)
4(1624 1650 1651 1625)
4(1648 1649 1651 1650)
4(1626 1652 1653 1627)
4(1650 1651 1653 1652)
4(1628 1654 1655 1629)
4(1652 1653 1655 1654)
4(1630 1656 1657 1631)
4(1654 1655 1657 1656)
4(1632 1658 1659 1633)
4(1656 1657 1659 1658)
4(1634 1660 1661 1635)
4(1658 1659 1661 1660)
4(1660 1661 1663 1662)
4(1640 1666 1667 1641)
4(1664 1665 1667 1666)
4(1642 1668 1669 1643)
4(1666 1667 1669 1668)
4(1644 1670 1671 1645)
4(1668 1669 1671 1670)
4(1646 1672 1673 1647)
4(1670 1671 1673 1672)
4(1648 1674 1675 1649)
4(1672 1673 1675 1674)
4(1650 1676 1677 1651)
4(1674 1675 1677 1676)
4(1652 1678 1679 1653)
4(1676 1677 1679 1678)
4(1654 1680 1681 1655)
4(1678 1679 1681 1680)
4(1656 1682 1683 1657)
4(1680 1681 1683 1682)
4(1658 1684 1685 1659)
4(1682 1683 1685 1684)
4(1660 1686 1687 1661)
4(1684 1685 1687 1686)
4(1686 1687 1689 1688)
4(1666 1692 1693 1667)
4(1690 1691 1693 1692)
4(1668 1694 1695 1669)
4(1692 1693 1695 1694)
4(1670 1696 1697 1671)
4(1694 1695 1697 1696)
4(1672 1698 1699 1673)
4(1696 1697 1699 1698)
4(1674 1700 1701 1675)
4(1698 1699 1701 1700)
4(1676 1702 1703 1677)
4(1700 1701 1703 1702)
4(1678 1704 1705 1679)
4(1702 1703 1705 1704)
4(1680 1706 1707 1681)
4(1704 1705 1707 1706)
4(1682 1708 1709 1683)
4(1706 1707 1709 1708)
4(1684 1710 1711 1685)
4(1708 1709 1711 1710)
4(1686 1712 1713 1687)
4(1710 1711 1713 1712)
4(1712 1713 1715 1714)
4(1692 1718 1719 1693)
4(1716 1717 1719 1718)
4(1694 1720 1721 1695)
4(1718 1719 1721 1720)
4(1696 1722 1723 1697)
4(1720 1721 1723 1722)
4(1698 1724 1725 1699)
4(1722 1723 1725 1724)
4(1700 1726 1727 1701)
4(1724 1725 1727 1726)
4(1702 1728 1729 1703)
4(1726 1727 1729 1728)
4(1704 1730 1731 1705)
4(1728 1729 1731 1730)
4(1706 1732 1733 1707)
4(1730 1731 1733 1732)
4(1708 1734 1735 1709)
4(1732 1733 1735 1734)
4(1710 1736 1737 1711)
4(1734 1735 1737 1736)
4(1712 1738 1739 1713)
4(1736 1737 1739 1738)
4(1738 1739 1741 1740)
4(1718 1744 1745 1719)
4(1742 1743 1745 1744)
4(1720 1746 1747 1721)
4(1744 1745 1747 1746)
4(1722 1748 1749 1723)
4(1746 1747 1749 1748)
4(1724 1750 1751 1725)
4(1748 1749 1751 1750)
4(1726 1752 1753 1727)
4(1750 1751 1753 1752)
4(1728 1754 1755 1729)
4(1752 1753 1755 1754)
4(1730 1756 1757 1731)
4(1754 1755 1757 1756)
4(1732 1758 1759 1733)
4(1756 1757 1759 1758)
4(1734 1760 1761 1735)
4(1758 1759 1761 1760)
4(1736 1762 1763 1737)
4(1760 1761 1763 1762)
4(1738 1764 1765 1739)
4(1762 1763 1765 1764)
4(1764 1765 1767 1766)
4(1744 1770 1771 1745)
4(1768 1769 1771 1770)
4(1746 1772 1773 1747)
4(1770 1771 1773 1772)
4(1748 1774 1775 1749)
4(1772 1773 1775 1774)
4(1750 1776 1777 1751)
4(1774 1775 1777 1776)
4(1752 1778 1779 1753)
4(1776 1777 1779 1778)
4(1754 1780 1781 1755)
4(1778 1779 1781 1780)
4(1756 1782 1783 1757)
4(1780 1781 1783 1782)
4(1758 1784 1785 1759)
4(1782 1783 1785 1784)
4(1760 1786 1787 1761)
4(1784 1785 1787 1786)
4(1762 1788 1789 1763)
4(1786 1787 1789 1788)
4(1764 1790 1791 1765)
4(1788 1789 1791 1790)
4(1790 1791 1793 1792)
4(1770 1796 1797 1771)
4(1794 1795 1797 1796)
4(1772 1798 1799 1773)
4(1796 1797 1799 1798)
4(1774 1800 1801 1775)
4(1798 1799 1801 1800)
4(1776 1802 1803 1777)
4(1800 1801 1803 1802)
4(1778 1804 1805 1779)
4(1802 1803 1805 1804)
4(1780 1806 1807 1781)
4(1804 1805 1807 1806)
4(1782 1808 1809 1783)
4(1806 1807 1809 1808)
4(1784 1810 1811 1785)
4(1808 1809 1811 1810)
4(1786 1812 1813 1787)
4(1810 1811 1813 1812)
4(1788 1814 1815 1789)
4(1812 1813 1815 1814)
4(1790 1816 1817 1791)
4(1814 1815 1817 1816)
4(1816 1817 1819 1818)
4(1796 1822 1823 1797)
4(1820 1821 1823 1822)
4(1798 1824 1825 1799)
4(1822 1823 1825 1824)
4(1800 1826 1827 1801)
4(1824 1825 1827 1826)
4(1802 1828 1829 1803)
4(1826 1827 1829 1828)
4(1804 1830 1831 1805)
4(1828 1829 1831 1830)
4(1806 1832 1833 1807)
4(1830 1831 1833 1832)
4(1808 1834 1835 1809)
4(1832 1833 1835 1834)
4(1810 1836 1837 1811)
4(1834 1835 1837 1836)
4(1812 1838 1839 1813)
4(1836 1837 1839 1838)
4(1814 1840 1841 1815)
4(1838 1839 1841 1840)
4(1816 1842 1843 1817)
4(1840 1841 1843 1842)
4(1842 1843 1845 1844)
4(1822 1848 1849 1823)
4(1846 1847 1849 1848)
4(1824 1850 1851 1825)
4(1848 1849 1851 1850)
4(1826 1852 1853 1827)
4(1850 1851 1853 1852)
4(1828 1854 1855 1829)
4(1852 1853 1855 1854)
4(1830 1856 1857 1831)
4(1854 1855 1857 1856)
4(1832 1858 1859 1833)
4(1856 1857 1859 1858)
4(1834 1860 1861 1835)
4(1858 1859 1861 1860)
4(1836 1862 1863 1837)
4(1860 1861 1863 1862)
4(1838 1864 1865 1839)
4(1862 1863 1865 1864)
4(1840 1866 1867 1841)
4(1864 1865 1867 1866)
4(1842 1868 1869 1843)
4(1866 1867 1869 1868)
4(1868 1869 1871 1870)
4(1848 1874 1875 1849)
4(1872 1873 1875 1874)
4(1850 1876 1877 1851)
4(1874 1875 1877 1876)
4(1852 1878 1879 1853)
4(1876 1877 1879 1878)
4(1854 1880 1881 1855)
4(1878 1879 1881 1880)
4(1856 1882 1883 1857)
4(1880 1881 1883 1882)
4(1858 1884 1885 1859)
4(1882 1883 1885 1884)
4(1860 1886 1887 1861)
4(1884 1885 1887 1886)
4(1862 1888 1889 1863)
4(1886 1887 1889 1888)
4(1864 1890 1891 1865)
4(1888 1889 1891 1890)
4(1866 1892 1893 1867)
4(1890 1891 1893 1892)
4(1868 1894 1895 1869)
4(1892 1893 1895 1894)
4(1894 1895 1897 1896)
4(1874 1900 1901 1875)
4(1898 1899 1901 1900)
4(1876 1902 1903 1877)
4(1900 1901 1903 1902)
4(1878 1904 1905 1879)
4(1902 1903 1905 1904)
4(1880 1906 1907 1881)
4(1904 1905 1907 1906)
4(1882 1908 1909 1883)
4(1906 1907 1909 1908)
4(1884 1910 1911 1885)
4(1908 1909 1911 1910)
4(1886 1912 1913 1887)
4(1910 1911 1913 1912)
4(1888 1914 1915 1889)
4(1912 1913 1915 1914)
4(1890 1916 1917 1891)
4(1914 1915 1917 1916)
4(1892 1918 1919 1893)
4(1916 1917 1919 1918)
4(1894 1920 1921 1895)
4(1918 1919 1921 1920)
4(1920 1921 1923 1922)
4(1900 1926 1927 1901)
4(1924 1925 1927 1926)
4(1902 1928 1929 1903)
4(1926 1927 1929 1928)
4(1904 1930 1931 1905)
4(1928 1929 1931 1930)
4(1906 1932 1933 1907)
4(1930 1931 1933 1932)
4(1908 1934 1935 1909)
4(1932 1933 1935 1934)
4(1910 1936 1937 1911)
4(1934 1935 1937 1936)
4(1912 1938 1939 1913)
4(1936 1937 1939 1938)
4(1914 1940 1941 1915)
4(1938 1939 1941 1940)
4(1916 1942 1943 1917)
4(1940 1941 1943 1942)
4(1918 1944 1945 1919)
4(1942 1943 1945 1944)
4(1920 1946 1947 1921)
4(1944 1945 1947 1946)
4(1946 1947 1949 1948)
4(1926 1952 1953 1927)
4(1950 1951 1953 1952)
4(1928 1954 1955 1929)
4(1952 1953 1955 1954)
4(1930 1956 1957 1931)
4(1954 1955 1957 1956)
4(1932 1958 1959 1933)
4(1956 1957 1959 1958)
4(1934 1960 1961 1935)
4(1958 1959 1961 1960)
4(1936 1962 1963 1937)
4(1960 1961 1963 1962)
4(1938 1964 1965 1939)
4(1962 1963 1965 1964)
4(1940 1966 1967 1941)
4(1964 1965 1967 1966)
4(1942 1968 1969 1943)
4(1966 1967 1969 1968)
4(1944 1970 1971 1945)
4(1968 1969 1971 1970)
4(1946 1972 1973 1947)
4(1970 1971 1973 1972)
4(1972 1973 1975 1974)
4(1952 1978 1979 1953)
4(1976 1977 1979 1978)
4(1954 1980 1981 1955)
4(1978 1979 1981 1980)
4(1956 1982 1983 1957)
4(1980 1981 1983 1982)
4(1958 1984 1985 1959)
4(1982 1983 1985 1984)
4(1960 1986 1987 1961)
4(1984 1985 1987 1986)
4(1962 1988 1989 1963)
4(1986 1987 1989 1988)
4(1964 1990 1991 1965)
4(1988 1989 1991 1990)
4(1966 1992 1993 1967)
4(1990 1991 1993 1992)
4(1968 1994 1995 1969)
4(1992 1993 1995 1994)
4(1970 1996 1997 1971)
4(1994 1995 1997 1996)
4(1972 1998 1999 1973)
4(1996 1997 1999 1998)
4(1998 1999 2001 2000)
4(1978 2004 2005 1979)
4(2002 2003 2005 2004)
4(1980 2006 2007 1981)
4(2004 2005 2007 2006)
4(1982 2008 2009 1983)
4(2006 2007 2009 2008)
4(1984 2010 2011 1985)
4(2008 2009 2011 2010)
4(1986 2012 2013 1987)
4(2010 2011 2013 2012)
4(1988 2014 2015 1989)
4(2012 2013 2015 2014)
4(1990 2016 2017 1991)
4(2014 2015 2017 2016)
4(1992 2018 2019 1993)
4(2016 2017 2019 2018)
4(1994 2020 2021 1995)
4(2018 2019 2021 2020)
4(1996 2022 2023 1997)
4(2020 2021 2023 2022)
4(1998 2024 2025 1999)
4(2022 2023 2025 2024)
4(2024 2025 2027 2026)
4(2004 2030 2031 2005)
4(2028 2029 2031 2030)
4(2006 2032 2033 2007)
4(2030 2031 2033 2032)
4(2008 2034 2035 2009)
4(2032 2033 2035 2034)
4(2010 2036 2037 2011)
4(2034 2035 2037 2036)
4(2012 2038 2039 2013)
4(2036 2037 2039 2038)
4(2014 2040 2041 2015)
4(2038 2039 2041 2040)
4(2016 2042 2043 2017)
4(2040 2041 2043 2042)
4(2018 2044 2045 2019)
4(2042 2043 2045 2044)
4(2020 2046 2047 2021)
4(2044 2045 2047 2046)
4(2022 2048 2049 2023)
4(2046 2047 2049 2048)
4(2024 2050 2051 2025)
4(2048 2049 2051 2050)
4(2050 2051 2053 2052)
4(2030 2056 2057 2031)
4(2054 2055 2057 2056)
4(2032 2058 2059 2033)
4(2056 2057 2059 2058)
4(2034 2060 2061 2035)
4(2058 2059 2061 2060)
4(2036 2062 2063 2037)
4(2060 2061 2063 2062)
4(2038 2064 2065 2039)
4(2062 2063 2065 2064)
4(2040 2066 2067 2041)
4(2064 2065 2067 2066)
4(2042 2068 2069 2043)
4(2066 2067 2069 2068)
4(2044 2070 2071 2045)
4(2068 2069 2071 2070)
4(2046 2072 2073 2047)
4(2070 2071 2073 2072)
4(2048 2074 2075 2049)
4(2072 2073 2075 2074)
4(2050 2076 2077 2051)
4(2074 2075 2077 2076)
4(2076 2077 2079 2078)
4(2056 2082 2083 2057)
4(2080 2081 2083 2082)
4(2058 2084 2085 2059)
4(2082 2083 2085 2084)
4(2060 2086 2087 2061)
4(2084 2085 2087 2086)
4(2062 2088 2089 2063)
4(2086 2087 2089 2088)
4(2064 2090 2091 2065)
4(2088 2089 2091 2090)
4(2066 2092 2093 2067)
4(2090 2091 2093 2092)
4(2068 2094 2095 2069)
4(2092 2093 2095 2094)
4(2070 2096 2097 2071)
4(2094 2095 2097 2096)
4(2072 2098 2099 2073)
4(2096 2097 2099 2098)
4(2074 2100 2101 2075)
4(2098 2099 2101 2100)
4(2076 2102 2103 2077)
4(2100 2101 2103 2102)
4(2102 2103 2105 2104)
4(2082 2108 2109 2083)
4(2106 2107 2109 2108)
4(2084 2110 2111 2085)
4(2108 2109 2111 2110)
4(2086 2112 2113 2087)
4(2110 2111 2113 2112)
4(2088 2114 2115 2089)
4(2112 2113 2115 2114)
4(2090 2116 2117 2091)
4(2114 2115 2117 2116)
4(2092 2118 2119 2093)
4(2116 2117 2119 2118)
4(2094 2120 2121 2095)
4(2118 2119 2121 2120)
4(2096 2122 2123 2097)
4(2120 2121 2123 2122)
4(2098 2124 2125 2099)
4(2122 2123 2125 2124)
4(2100 2126 2127 2101)
4(2124 2125 2127 2126)
4(2102 2128 2129 2103)
4(2126 2127 2129 2128)
4(2128 2129 2131 2130)
4(2108 2134 2135 2109)
4(2132 2133 2135 2134)
4(2110 2136 2137 2111)
4(2134 2135 2137 2136)
4(2112 2138 2139 2113)
4(2136 2137 2139 2138)
4(2114 2140 2141 2115)
4(2138 2139 2141 2140)
4(2116 2142 2143 2117)
4(2140 2141 2143 2142)
4(2118 2144 2145 2119)
4(2142 2143 2145 2144)
4(2120 2146 2147 2121)
4(2144 2145 2147 2146)
4(2122 2148 2149 2123)
4(2146 2147 2149 2148)
4(2124 2150 2151 2125)
4(2148 2149 2151 2150)
4(2126 2152 2153 2127)
4(2150 2151 2153 2152)
4(2128 2154 2155 2129)
4(2152 2153 2155 2154)
4(2154 2155 2157 2156)
4(2134 2160 2161 2135)
4(2158 2159 2161 2160)
4(2136 2162 2163 2137)
4(2160 2161 2163 2162)
4(2138 2164 2165 2139)
4(2162 2163 2165 2164)
4(2140 2166 2167 2141)
4(2164 2165 2167 2166)
4(2142 2168 2169 2143)
4(2166 2167 2169 2168)
4(2144 2170 2171 2145)
4(2168 2169 2171 2170)
4(2146 2172 2173 2147)
4(2170 2171 2173 2172)
4(2148 2174 2175 2149)
4(2172 2173 2175 2174)
4(2150 2176 2177 2151)
4(2174 2175 2177 2176)
4(2152 2178 2179 2153)
4(2176 2177 2179 2178)
4(2154 2180 2181 2155)
4(2178 2179 2181 2180)
4(2180 2181 2183 2182)
4(2160 2186 2187 2161)
4(2184 2185 2187 2186)
4(2162 2188 2189 2163)
4(2186 2187 2189 2188)
4(2164 2190 2191 2165)
4(2188 2189 2191 2190)
4(2166 2192 2193 2167)
4(2190 2191 2193 2192)
4(2168 2194 2195 2169)
4(2192 2193 2195 2194)
4(2170 2196 2197 2171)
4(2194 2195 2197 2196)
4(2172 2198 2199 2173)
4(2196 2197 2199 2198)
4(2174 2200 2201 2175)
4(2198 2199 2201 2200)
4(2176 2202 2203 2177)
4(2200 2201 2203 2202)
4(2178 2204 2205 2179)
4(2202 2203 2205 2204)
4(2180 2206 2207 2181)
4(2204 2205 2207 2206)
4(2206 2207 2209 2208)
4(2186 2212 2213 2187)
4(2210 2211 2213 2212)
4(2188 2214 2215 2189)
4(2212 2213 2215 2214)
4(2190 2216 2217 2191)
4(2214 2215 2217 2216)
4(2192 2218 2219 2193)
4(2216 2217 2219 2218)
4(2194 2220 2221 2195)
4(2218 2219 2221 2220)
4(2196 2222 2223 2197)
4(2220 2221 2223 2222)
4(2198 2224 2225 2199)
4(2222 2223 2225 2224)
4(2200 2226 2227 2201)
4(2224 2225 2227 2226)
4(2202 2228 2229 2203)
4(2226 2227 2229 2228)
4(2204 2230 2231 2205)
4(2228 2229 2231 2230)
4(2206 2232 2233 2207)
4(2230 2231 2233 2232)
4(2232 2233 2235 2234)
4(2212 2238 2239 2213)
4(2236 2237 2239 2238)
4(2214 2240 2241 2215)
4(2238 2239 2241 2240)
4(2216 2242 2243 2217)
4(2240 2241 2243 2242)
4(2218 2244 2245 2219)
4(2242 2243 2245 2244)
4(2220 2246 2247 2221)
4(2244 2245 2247 2246)
4(2222 2248 2249 2223)
4(2246 2247 2249 2248)
4(2224 2250 2251 2225)
4(2248 2249 2251 2250)
4(2226 2252 2253 2227)
4(2250 2251 2253 2252)
4(2228 2254 2255 2229)
4(2252 2253 2255 2254)
4(2230 2256 2257 2231)
4(2254 2255 2257 2256)
4(2232 2258 2259 2233)
4(2256 2257 2259 2258)
4(2258 2259 2261 2260)
4(2238 2264 2265 2239)
4(2262 2263 2265 2264)
4(2240 2266 2267 2241)
4(2264 2265 2267 2266)
4(2242 2268 2269 2243)
4(2266 2267 2269 2268)
4(2244 2270 2271 2245)
4(2268 2269 2271 2270)
4(2246 2272 2273 2247)
4(2270 2271 2273 2272)
4(2248 2274 2275 2249)
4(2272 2273 2275 2274)
4(2250 2276 2277 2251)
4(2274 2275 2277 2276)
4(2252 2278 2279 2253)
4(2276 2277 2279 2278)
4(2254 2280 2281 2255)
4(2278 2279 2281 2280)
4(2256 2282 2283 2257)
4(2280 2281 2283 2282)
4(2258 2284 2285 2259)
4(2282 2283 2285 2284)
4(2284 2285 2287 2286)
4(2264 2290 2291 2265)
4(2288 2289 2291 2290)
4(2266 2292 2293 2267)
4(2290 2291 2293 2292)
4(2268 2294 2295 2269)
4(2292 2293 2295 2294)
4(2270 2296 2297 2271)
4(2294 2295 2297 2296)
4(2272 2298 2299 2273)
4(2296 2297 2299 2298)
4(2274 2300 2301 2275)
4(2298 2299 2301 2300)
4(2276 2302 2303 2277)
4(2300 2301 2303 2302)
4(2278 2304 2305 2279)
4(2302 2303 2305 2304)
4(2280 2306 2307 2281)
4(2304 2305 2307 2306)
4(2282 2308 2309 2283)
4(2306 2307 2309 2308)
4(2284 2310 2311 2285)
4(2308 2309 2311 2310)
4(2310 2311 2313 2312)
4(2290 2316 2317 2291)
4(2314 2315 2317 2316)
4(2292 2318 2319 2293)
4(2316 2317 2319 2318)
4(2294 2320 2321 2295)
4(2318 2319 2321 2320)
4(2296 2322 2323 2297)
4(2320 2321 2323 2322)
4(2298 2324 2325 2299)
4(2322 2323 2325 2324)
4(2300 2326 2327 2301)
4(2324 2325 2327 2326)
4(2302 2328 2329 2303)
4(2326 2327 2329 2328)
4(2304 2330 2331 2305)
4(2328 2329 2331 2330)
4(2306 2332 2333 2307)
4(2330 2331 2333 2332)
4(2308 2334 2335 2309)
4(2332 2333 2335 2334)
4(2310 2336 2337 2311)
4(2334 2335 2337 2336)
4(2336 2337 2339 2338)
4(2316 2342 2343 2317)
4(2318 2344 2345 2319)
4(2320 2346 2347 2321)
4(2322 2348 2349 2323)
4(2324 2350 2351 2325)
4(2326 2352 2353 2327)
4(2328 2354 2355 2329)
4(2330 2356 2357 2331)
4(2332 2358 2359 2333)
4(2334 2360 2361 2335)
4(2336 2362 2363 2337)
4(0 2 3 1)
4(2 4 5 3)
4(4 6 7 5)
4(6 8 9 7)
4(8 10 11 9)
4(10 12 13 11)
4(12 14 15 13)
4(14 16 17 15)
4(16 18 19 17)
4(18 20 21 19)
4(20 22 23 21)
4(22 24 25 23)
4(24 50 51 25)
4(50 76 77 51)
4(76 102 103 77)
4(102 128 129 103)
4(128 154 155 129)
4(154 180 181 155)
4(180 206 207 181)
4(206 232 233 207)
4(232 258 259 233)
4(258 284 285 259)
4(284 310 311 285)
4(310 336 337 311)
4(336 362 363 337)
4(362 388 389 363)
4(388 414 415 389)
4(414 440 441 415)
4(440 466 467 441)
4(466 492 493 467)
4(492 518 519 493)
4(518 544 545 519)
4(544 570 571 545)
4(570 596 597 571)
4(596 622 623 597)
4(622 648 649 623)
4(648 674 675 649)
4(674 700 701 675)
4(700 726 727 701)
4(726 752 753 727)
4(752 778 779 753)
4(778 804 805 779)
4(804 830 831 805)
4(830 856 857 831)
4(856 882 883 857)
4(882 908 909 883)
4(908 934 935 909)
4(934 960 961 935)
4(960 986 987 961)
4(986 1012 1013 987)
4(1012 1038 1039 1013)
4(1038 1064 1065 1039)
4(1064 1090 1091 1065)
4(1090 1116 1117 1091)
4(1116 1142 1143 1117)
4(1142 1168 1169 1143)
4(1168 1194 1195 1169)
4(1194 1220 1221 1195)
4(1220 1246 1247 1221)
4(1246 1272 1273 1247)
4(1272 1298 1299 1273)
4(1298 1324 1325 1299)
4(1324 1350 1351 1325)
4(1350 1376 1377 1351)
4(1376 1402 1403 1377)
4(1402 1428 1429 1403)
4(1428 1454 1455 1429)
4(1454 1480 1481 1455)
4(1480 1506 1507 1481)
4(1506 1532 1533 1507)
4(1532 1558 1559 1533)
4(1558 1584 1585 1559)
4(1584 1610 1611 1585)
4(1610 1636 1637 1611)
4(1636 1662 1663 1637)
4(1662 1688 1689 1663)
4(1688 1714 1715 1689)
4(1714 1740 1741 1715)
4(1740 1766 1767 1741)
4(1766 1792 1793 1767)
4(1792 1818 1819 1793)
4(1818 1844 1845 1819)
4(1844 1870 1871 1845)
4(1870 1896 1897 1871)
4(1896 1922 1923 1897)
4(1922 1948 1949 1923)
4(1948 1974 1975 1949)
4(1974 2000 2001 1975)
4(2000 2026 2027 2001)
4(2026 2052 2053 2027)
4(2052 2078 2079 2053)
4(2078 2104 2105 2079)
4(2104 2130 2131 2105)
4(2130 2156 2157 2131)
4(2156 2182 2183 2157)
4(2182 2208 2209 2183)
4(2208 2234 2235 2209)
4(2234 2260 2261 2235)
4(2260 2286 2287 2261)
4(2286 2312 2313 2287)
4(2312 2338 2339 2313)
4(2338 2364 2365 2339)
4(0 1 27 26)
4(26 27 53 52)
4(52 53 79 78)
4(78 79 105 104)
4(104 105 131 130)
4(130 131 157 156)
4(156 157 183 182)
4(182 183 209 208)
4(208 209 235 234)
4(234 235 261 260)
4(260 261 287 286)
4(286 287 313 312)
4(312 313 339 338)
4(338 339 365 364)
4(364 365 391 390)
4(390 391 417 416)
4(416 417 443 442)
4(442 443 469 468)
4(468 469 495 494)
4(494 495 521 520)
4(520 521 547 546)
4(546 547 573 572)
4(572 573 599 598)
4(598 599 625 624)
4(624 625 651 650)
4(650 651 677 676)
4(676 677 703 702)
4(702 703 729 728)
4(728 729 755 754)
4(754 755 781 780)
4(780 781 807 806)
4(806 807 833 832)
4(832 833 859 858)
4(858 859 885 884)
4(884 885 911 910)
4(910 911 937 936)
4(936 937 963 962)
4(962 963 989 988)
4(988 989 1015 1014)
4(1014 1015 1041 1040)
4(1040 1041 1067 1066)
4(1066 1067 1093 1092)
4(1092 1093 1119 1118)
4(1118 1119 1145 1144)
4(1144 1145 1171 1170)
4(1170 1171 1197 1196)
4(1196 1197 1223 1222)
4(1222 1223 1249 1248)
4(1248 1249 1275 1274)
4(1274 1275 1301 1300)
4(1300 1301 1327 1326)
4(1326 1327 1353 1352)
4(1352 1353 1379 1378)
4(1378 1379 1405 1404)
4(1404 1405 1431 1430)
4(1430 1431 1457 1456)
4(1456 1457 1483 1482)
4(1482 1483 1509 1508)
4(1508 1509 1535 1534)
4(1534 1535 1561 1560)
4(1560 1561 1587 1586)
4(1586 1587 1613 1612)
4(1612 1613 1639 1638)
4(1638 1639 1665 1664)
4(1664 1665 1691 1690)
4(1690 1691 1717 1716)
4(1716 1717 1743 1742)
4(1742 1743 1769 1768)
4(1768 1769 1795 1794)
4(1794 1795 1821 1820)
4(1820 1821 1847 1846)
4(1846 1847 1873 1872)
4(1872 1873 1899 1898)
4(1898 1899 1925 1924)
4(1924 1925 1951 1950)
4(1950 1951 1977 1976)
4(1976 1977 2003 2002)
4(2002 2003 2029 2028)
4(2028 2029 2055 2054)
4(2054 2055 2081 2080)
4(2080 2081 2107 2106)
4(2106 2107 2133 2132)
4(2132 2133 2159 2158)
4(2158 2159 2185 2184)
4(2184 2185 2211 2210)
4(2210 2211 2237 2236)
4(2236 2237 2263 2262)
4(2262 2263 2289 2288)
4(2288 2289 2315 2314)
4(2314 2315 2341 2340)
4(2340 2341 2343 2342)
4(2342 2343 2345 2344)
4(2344 2345 2347 2346)
4(2346 2347 2349 2348)
4(2348 2349 2351 2350)
4(2350 2351 2353 2352)
4(2352 2353 2355 2354)
4(2354 2355 2357 2356)
4(2356 2357 2359 2358)
4(2358 2359 2361 2360)
4(2360 2361 2363 2362)
4(2362 2363 2365 2364)
4(0 26 28 2)
4(2 28 30 4)
4(4 30 32 6)
4(6 32 34 8)
4(8 34 36 10)
4(10 36 38 12)
4(12 38 40 14)
4(14 40 42 16)
4(16 42 44 18)
4(18 44 46 20)
4(20 46 48 22)
4(22 48 50 24)
4(26 52 54 28)
4(28 54 56 30)
4(30 56 58 32)
4(32 58 60 34)
4(34 60 62 36)
4(36 62 64 38)
4(38 64 66 40)
4(40 66 68 42)
4(42 68 70 44)
4(44 70 72 46)
4(46 72 74 48)
4(48 74 76 50)
4(52 78 80 54)
4(54 80 82 56)
4(56 82 84 58)
4(58 84 86 60)
4(60 86 88 62)
4(62 88 90 64)
4(64 90 92 66)
4(66 92 94 68)
4(68 94 96 70)
4(70 96 98 72)
4(72 98 100 74)
4(74 100 102 76)
4(78 104 106 80)
4(80 106 108 82)
4(82 108 110 84)
4(84 110 112 86)
4(86 112 114 88)
4(88 114 116 90)
4(90 116 118 92)
4(92 118 120 94)
4(94 120 122 96)
4(96 122 124 98)
4(98 124 126 100)
4(100 126 128 102)
4(104 130 132 106)
4(106 132 134 108)
4(108 134 136 110)
4(110 136 138 112)
4(112 138 140 114)
4(114 140 142 116)
4(116 142 144 118)
4(118 144 146 120)
4(120 146 148 122)
4(122 148 150 124)
4(124 150 152 126)
4(126 152 154 128)
4(130 156 158 132)
4(132 158 160 134)
4(134 160 162 136)
4(136 162 164 138)
4(138 164 166 140)
4(140 166 168 142)
4(142 168 170 144)
4(144 170 172 146)
4(146 172 174 148)
4(148 174 176 150)
4(150 176 178 152)
4(152 178 180 154)
4(156 182 184 158)
4(158 184 186 160)
4(160 186 188 162)
4(162 188 190 164)
4(164 190 192 166)
4(166 192 194 168)
4(168 194 196 170)
4(170 196 198 172)
4(172 198 200 174)
4(174 200 202 176)
4(176 202 204 178)
4(178 204 206 180)
4(182 208 210 184)
4(184 210 212 186)
4(186 212 214 188)
4(188 214 216 190)
4(190 216 218 192)
4(192 218 220 194)
4(194 220 222 196)
4(196 222 224 198)
4(198 224 226 200)
4(200 226 228 202)
4(202 228 230 204)
4(204 230 232 206)
4(208 234 236 210)
4(210 236 238 212)
4(212 238 240 214)
4(214 240 242 216)
4(216 242 244 218)
4(218 244 246 220)
4(220 246 248 222)
4(222 248 250 224)
4(224 250 252 226)
4(226 252 254 228)
4(228 254 256 230)
4(230 256 258 232)
4(234 260 262 236)
4(236 262 264 238)
4(238 264 266 240)
4(240 266 268 242)
4(242 268 270 244)
4(244 270 272 246)
4(246 272 274 248)
4(248 274 276 250)
4(250 276 278 252)
4(252 278 280 254)
4(254 280 282 256)
4(256 282 284 258)
4(260 286 288 262)
4(262 288 290 264)
4(264 290 292 266)
4(266 292 294 268)
4(268 294 296 270)
4(270 296 298 272)
4(272 298 300 274)
4(274 300 302 276)
4(276 302 304 278)
4(278 304 306 280)
4(280 306 308 282)
4(282 308 310 284)
4(286 312 314 288)
4(288 314 316 290)
4(290 316 318 292)
4(292 318 320 294)
4(294 320 322 296)
4(296 322 324 298)
4(298 324 326 300)
4(300 326 328 302)
4(302 328 330 304)
4(304 330 332 306)
4(306 332 334 308)
4(308 334 336 310)
4(312 338 340 314)
4(314 340 342 316)
4(316 342 344 318)
4(318 344 346 320)
4(320 346 348 322)
4(322 348 350 324)
4(324 350 352 326)
4(326 352 354 328)
4(328 354 356 330)
4(330 356 358 332)
4(332 358 360 334)
4(334 360 362 336)
4(338 364 366 340)
4(340 366 368 342)
4(342 368 370 344)
4(344 370 372 346)
4(346 372 374 348)
4(348 374 376 350)
4(350 376 378 352)
4(352 378 380 354)
4(354 380 382 356)
4(356 382 384 358)
4(358 384 386 360)
4(360 386 388 362)
4(364 390 392 366)
4(366 392 394 368)
4(368 394 396 370)
4(370 396 398 372)
4(372 398 400 374)
4(374 400 402 376)
4(376 402 404 378)
4(378 404 406 380)
4(380 406 408 382)
4(382 408 410 384)
4(384 410 412 386)
4(386 412 414 388)
4(390 416 418 392)
4(392 418 420 394)
4(394 420 422 396)
4(396 422 424 398)
4(398 424 426 400)
4(400 426 428 402)
4(402 428 430 404)
4(404 430 432 406)
4(406 432 434 408)
4(408 434 436 410)
4(410 436 438 412)
4(412 438 440 414)
4(416 442 444 418)
4(418 444 446 420)
4(420 446 448 422)
4(422 448 450 424)
4(424 450 452 426)
4(426 452 454 428)
4(428 454 456 430)
4(430 456 458 432)
4(432 458 460 434)
4(434 460 462 436)
4(436 462 464 438)
4(438 464 466 440)
4(442 468 470 444)
4(444 470 472 446)
4(446 472 474 448)
4(448 474 476 450)
4(450 476 478 452)
4(452 478 480 454)
4(454 480 482 456)
4(456 482 484 458)
4(458 484 486 460)
4(460 486 488 462)
4(462 488 490 464)
4(464 490 492 466)
4(468 494 496 470)
4(470 496 498 472)
4(472 498 500 474)
4(474 500 502 476)
4(476 502 504 478)
4(478 504 506 480)
4(480 506 508 482)
4(482 508 510 484)
4(484 510 512 486)
4(486 512 514 488)
4(488 514 516 490)
4(490 516 518 492)
4(494 520 522 496)
4(496 522 524 498)
4(498 524 526 500)
4(500 526 528 502)
4(502 528 530 504)
4(504 530 532 506)
4(506 532 534 508)
4(508 534 536 510)
4(510 536 538 512)
4(512 538 540 514)
4(514 540 542 516)
4(516 542 544 518)
4(520 546 548 522)
4(522 548 550 524)
4(524 550 552 526)
4(526 552 554 528)
4(528 554 556 530)
4(530 556 558 532)
4(532 558 560 534)
4(534 560 562 536)
4(536 562 564 538)
4(538 564 566 540)
4(540 566 568 542)
4(542 568 570 544)
4(546 572 574 548)
4(548 574 576 550)
4(550 576 578 552)
4(552 578 580 554)
4(554 580 582 556)
4(556 582 584 558)
4(558 584 586 560)
4(560 586 588 562)
4(562 588 590 564)
4(564 590 592 566)
4(566 592 594 568)
4(568 594 596 570)
4(572 598 600 574)
4(574 600 602 576)
4(576 602 604 578)
4(578 604 606 580)
4(580 606 608 582)
4(582 608 610 584)
4(584 610 612 586)
4(586 612 614 588)
4(588 614 616 590)
4(590 616 618 592)
4(592 618 620 594)
4(594 620 622 596)
4(598 624 626 600)
4(600 626 628 602)
4(602 628 630 604)
4(604 630 632 606)
4(606 632 634 608)
4(608 634 636 610)
4(610 636 638 612)
4(612 638 640 614)
4(614 640 642 616)
4(616 642 644 618)
4(618 644 646 620)
4(620 646 648 622)
4(624 650 652 626)
4(626 652 654 628)
4(628 654 656 630)
4(630 656 658 632)
4(632 658 660 634)
4(634 660 662 636)
4(636 662 664 638)
4(638 664 666 640)
4(640 666 668 642)
4(642 668 670 644)
4(644 670 672 646)
4(646 672 674 648)
4(650 676 678 652)
4(652 678 680 654)
4(654 680 682 656)
4(656 682 684 658)
4(658 684 686 660)
4(660 686 688 662)
4(662 688 690 664)
4(664 690 692 666)
4(666 692 694 668)
4(668 694 696 670)
4(670 696 698 672)
4(672 698 700 674)
4(676 702 704 678)
4(678 704 706 680)
4(680 706 708 682)
4(682 708 710 684)
4(684 710 712 686)
4(686 712 714 688)
4(688 714 716 690)
4(690 716 718 692)
4(692 718 720 694)
4(694 720 722 696)
4(696 722 724 698)
4(698 724 726 700)
4(702 728 730 704)
4(704 730 732 706)
4(706 732 734 708)
4(708 734 736 710)
4(710 736 738 712)
4(712 738 740 714)
4(714 740 742 716)
4(716 742 744 718)
4(718 744 746 720)
4(720 746 748 722)
4(722 748 750 724)
4(724 750 752 726)
4(728 754 756 730)
4(730 756 758 732)
4(732 758 760 734)
4(734 760 762 736)
4(736 762 764 738)
4(738 764 766 740)
4(740 766 768 742)
4(742 768 770 744)
4(744 770 772 746)
4(746 772 774 748)
4(748 774 776 750)
4(750 776 778 752)
4(754 780 782 756)
4(756 782 784 758)
4(758 784 786 760)
4(760 786 788 762)
4(762 788 790 764)
4(764 790 792 766)
4(766 792 794 768)
4(768 794 796 770)
4(770 796 798 772)
4(772 798 800 774)
4(774 800 802 776)
4(776 802 804 778)
4(780 806 808 782)
4(782 808 810 784)
4(784 810 812 786)
4(786 812 814 788)
4(788 814 816 790)
4(790 816 818 792)
4(792 818 820 794)
4(794 820 822 796)
4(796 822 824 798)
4(798 824 826 800)
4(800 826 828 802)
4(802 828 830 804)
4(806 832 834 808)
4(808 834 836 810)
4(810 836 838 812)
4(812 838 840 814)
4(814 840 842 816)
4(816 842 844 818)
4(818 844 846 820)
4(820 846 848 822)
4(822 848 850 824)
4(824 850 852 826)
4(826 852 854 828)
4(828 854 856 830)
4(832 858 860 834)
4(834 860 862 836)
4(836 862 864 838)
4(838 864 866 840)
4(840 866 868 842)
4(842 868 870 844)
4(844 870 872 846)
4(846 872 874 848)
4(848 874 876 850)
4(850 876 878 852)
4(852 878 880 854)
4(854 880 882 856)
4(858 884 886 860)
4(860 886 888 862)
4(862 888 890 864)
4(864 890 892 866)
4(866 892 894 868)
4(868 894 896 870)
4(870 896 898 872)
4(872 898 900 874)
4(874 900 902 876)
4(876 902 904 878)
4(878 904 906 880)
4(880 906 908 882)
4(884 910 912 886)
4(886 912 914 888)
4(888 914 916 890)
4(890 916 918 892)
4(892 918 920 894)
4(894 920 922 896)
4(896 922 924 898)
4(898 924 926 900)
4(900 926 928 902)
4(902 928 930 904)
4(904 930 932 906)
4(906 932 934 908)
4(910 936 938 912)
4(912 938 940 914)
4(914 940 942 916)
4(916 942 944 918)
4(918 944 946 920)
4(920 946 948 922)
4(922 948 950 924)
4(924 950 952 926)
4(926 952 954 928)
4(928 954 956 930)
4(930 956 958 932)
4(932 958 960 934)
4(936 962 964 938)
4(938 964 966 940)
4(940 966 968 942)
4(942 968 970 944)
4(944 970 972 946)
4(946 972 974 948)
4(948 974 976 950)
4(950 976 978 952)
4(952 978 980 954)
4(954 980 982 956)
4(956 982 984 958)
4(958 984 986 960)
4(962 988 990 964)
4(964 990 992 966)
4(966 992 994 968)
4(968 994 996 970)
4(970 996 998 972)
4(972 998 1000 974)
4(974 1000 1002 976)
4(976 1002 1004 978)
4(978 1004 1006 980)
4(980 1006 1008 982)
4(982 1008 1010 984)
4(984 1010 1012 986)
4(988 1014 1016 990)
4(990 1016 1018 992)
4(992 1018 1020 994)
4(994 1020 1022 996)
4(996 1022 1024 998)
4(998 1024 1026 1000)
4(1000 1026 1028 1002)
4(1002 1028 1030 1004)
4(1004 1030 1032 1006)
4(1006 1032 1034 1008)
4(1008 1034 1036 1010)
4(1010 1036 1038 1012)
4(1014 1040 1042 1016)
4(1016 1042 1044 1018)
4(1018 1044 1046 1020)
4(1020 1046 1048 1022)
4(1022 1048 1050 1024)
4(1024 1050 1052 1026)
4(1026 1052 1054 1028)
4(1028 1054 1056 1030)
4(1030 1056 1058 1032)
4(1032 1058 1060 1034)
4(1034 1060 1062 1036)
4(1036 1062 1064 1038)
4(1040 1066 1068 1042)
4(1042 1068 1070 1044)
4(1044 1070 1072 1046)
4(1046 1072 1074 1048)
4(1048 1074 1076 1050)
4(1050 1076 1078 1052)
4(1052 1078 1080 1054)
4(1054 1080 1082 1056)
4(1056 1082 1084 1058)
4(1058 1084 1086 1060)
4(1060 1086 1088 1062)
4(1062 1088 1090 1064)
4(1066 1092 1094 1068)
4(1068 1094 1096 1070)
4(1070 1096 1098 1072)
4(1072 1098 1100 1074)
4(1074 1100 1102 1076)
4(1076 1102 1104 1078)
4(1078 1104 1106 1080)
4(1080 1106 1108 1082)
4(1082 1108 1110 1084)
4(1084 1110 1112 1086)
4(1086 1112 1114 1088)
4(1088 1114 1116 1090)
4(1092 1118 1120 1094)
4(1094 1120 1122 1096)
4(1096 1122 1124 1098)
4(1098 1124 1126 1100)
4(1100 1126 1128 1102)
4(1102 1128 1130 1104)
4(1104 1130 1132 1106)
4(1106 1132 1134 1108)
4(1108 1134 1136 1110)
4(1110 1136 1138 1112)
4(1112 1138 1140 1114)
4(1114 1140 1142 1116)
4(1118 1144 1146 1120)
4(1120 1146 1148 1122)
4(1122 1148 1150 1124)
4(1124 1150 1152 1126)
4(1126 1152 1154 1128)
4(1128 1154 1156 1130)
4(1130 1156 1158 1132)
4(1132 1158 1160 1134)
4(1134 1160 1162 1136)
4(1136 1162 1164 1138)
4(1138 1164 1166 1140)
4(1140 1166 1168 1142)
4(1144 1170 1172 1146)
4(1146 1172 1174 1148)
4(1148 1174 1176 1150)
4(1150 1176 1178 1152)
4(1152 1178 1180 1154)
4(1154 1180 1182 1156)
4(1156 1182 1184 1158)
4(1158 1184 1186 1160)
4(1160 1186 1188 1162)
4(1162 1188 1190 1164)
4(1164 1190 1192 1166)
4(1166 1192 1194 1168)
4(1170 1196 1198 1172)
4(1172 1198 1200 1174)
4(1174 1200 1202 1176)
4(1176 1202 1204 1178)
4(1178 1204 1206 1180)
4(1180 1206 1208 1182)
4(1182 1208 1210 1184)
4(1184 1210 1212 1186)
4(1186 1212 1214 1188)
4(1188 1214 1216 1190)
4(1190 1216 1218 1192)
4(1192 1218 1220 1194)
4(1196 1222 1224 1198)
4(1198 1224 1226 1200)
4(1200 1226 1228 1202)
4(1202 1228 1230 1204)
4(1204 1230 1232 1206)
4(1206 1232 1234 1208)
4(1208 1234 1236 1210)
4(1210 1236 1238 1212)
4(1212 1238 1240 1214)
4(1214 1240 1242 1216)
4(1216 1242 1244 1218)
4(1218 1244 1246 1220)
4(1222 1248 1250 1224)
4(1224 1250 1252 1226)
4(1226 1252 1254 1228)
4(1228 1254 1256 1230)
4(1230 1256 1258 1232)
4(1232 1258 1260 1234)
4(1234 1260 1262 1236)
4(1236 1262 1264 1238)
4(1238 1264 1266 1240)
4(1240 1266 1268 1242)
4(1242 1268 1270 1244)
4(1244 1270 1272 1246)
4(1248 1274 1276 1250)
4(1250 1276 1278 1252)
4(1252 1278 1280 1254)
4(1254 1280 1282 1256)
4(1256 1282 1284 1258)
4(1258 1284 1286 1260)
4(1260 1286 1288 1262)
4(1262 1288 1290 1264)
4(1264 1290 1292 1266)
4(1266 1292 1294 1268)
4(1268 1294 1296 1270)
4(1270 1296 1298 1272)
4(1274 1300 1302 1276)
4(1276 1302 1304 1278)
4(1278 1304 1306 1280)
4(1280 1306 1308 1282)
4(1282 1308 1310 1284)
4(1284 1310 1312 1286)
4(1286 1312 1314 1288)
4(1288 1314 1316 1290)
4(1290 1316 1318 1292)
4(1292 1318 1320 1294)
4(1294 1320 1322 1296)
4(1296 1322 1324 1298)
4(1300 1326 1328 1302)
4(1302 1328 1330 1304)
4(1304 1330 1332 1306)
4(1306 1332 1334 1308)
4(1308 1334 1336 1310)
4(1310 1336 1338 1312)
4(1312 1338 1340 1314)
4(1314 1340 1342 1316)
4(1316 1342 1344 1318)
4(1318 1344 1346 1320)
4(1320 1346 1348 1322)
4(1322 1348 1350 1324)
4(1326 1352 1354 1328)
4(1328 1354 1356 1330)
4(1330 1356 1358 1332)
4(1332 1358 1360 1334)
4(1334 1360 1362 1336)
4(1336 1362 1364 1338)
4(1338 1364 1366 1340)
4(1340 1366 1368 1342)
4(1342 1368 1370 1344)
4(1344 1370 1372 1346)
4(1346 1372 1374 1348)
4(1348 1374 1376 1350)
4(1352 1378 1380 1354)
4(1354 1380 1382 1356)
4(1356 1382 1384 1358)
4(1358 1384 1386 1360)
4(1360 1386 1388 1362)
4(1362 1388 1390 1364)
4(1364 1390 1392 1366)
4(1366 1392 1394 1368)
4(1368 1394 1396 1370)
4(1370 1396 1398 1372)
4(1372 1398 1400 1374)
4(1374 1400 1402 1376)
4(1378 1404 1406 1380)
4(1380 1406 1408 1382)
4(1382 1408 1410 1384)
4(1384 1410 1412 1386)
4(1386 1412 1414 1388)
4(1388 1414 1416 1390)
4(1390 1416 1418 1392)
4(1392 1418 1420 1394)
4(1394 1420 1422 1396)
4(1396 1422 1424 1398)
4(1398 1424 1426 1400)
4(1400 1426 1428 1402)
4(1404 1430 1432 1406)
4(1406 1432 1434 1408)
4(1408 1434 1436 1410)
4(1410 1436 1438 1412)
4(1412 1438 1440 1414)
4(1414 1440 1442 1416)
4(1416 1442 1444 1418)
4(1418 1444 1446 1420)
4(1420 1446 1448 1422)
4(1422 1448 1450 1424)
4(1424 1450 1452 1426)
4(1426 1452 1454 1428)
4(1430 1456 1458 1432)
4(1432 1458 1460 1434)
4(1434 1460 1462 1436)
4(1436 1462 1464 1438)
4(1438 1464 1466 1440)
4(1440 1466 1468 1442)
4(1442 1468 1470 1444)
4(1444 1470 1472 1446)
4(1446 1472 1474 1448)
4(1448 1474 1476 1450)
4(1450 1476 1478 1452)
4(1452 1478 1480 1454)
4(1456 1482 1484 1458)
4(1458 1484 1486 1460)
4(1460 1486 1488 1462)
4(1462 1488 1490 1464)
4(1464 1490 1492 1466)
4(1466 1492 1494 1468)
4(1468 1494 1496 1470)
4(1470 1496 1498 1472)
4(1472 1498 1500 1474)
4(1474 1500 1502 1476)
4(1476 1502 1504 1478)
4(1478 1504 1506 1480)
4(1482 1508 1510 1484)
4(1484 1510 1512 1486)
4(1486 1512 1514 1488)
4(1488 1514 1516 1490)
4(1490 1516 1518 1492)
4(1492 1518 1520 1494)
4(1494 1520 1522 1496)
4(1496 1522 1524 1498)
4(1498 1524 1526 1500)
4(1500 1526 1528 1502)
4(1502 1528 1530 1504)
4(1504 1530 1532 1506)
4(1508 1534 1536 1510)
4(1510 1536 1538 1512)
4(1512 1538 1540 1514)
4(1514 1540 1542 1516)
4(1516 1542 1544 1518)
4(1518 1544 1546 1520)
4(1520 1546 1548 1522)
4(1522 1548 1550 1524)
4(1524 1550 1552 1526)
4(1526 1552 1554 1528)
4(1528 1554 1556 1530)
4(1530 1556 1558 1532)
4(1534 1560 1562 1536)
4(1536 1562 1564 1538)
4(1538 1564 1566 1540)
4(1540 1566 1568 1542)
4(1542 1568 1570 1544)
4(1544 1570 1572 1546)
4(1546 1572 1574 1548)
4(1548 1574 1576 1550)
4(1550 1576 1578 1552)
4(1552 1578 1580 1554)
4(1554 1580 1582 1556)
4(1556 1582 1584 1558)
4(1560 1586 1588 1562)
4(1562 1588 1590 1564)
4(1564 1590 1592 1566)
4(1566 1592 1594 1568)
4(1568 1594 1596 1570)
4(1570 1596 1598 1572)
4(1572 1598 1600 1574)
4(1574 1600 1602 1576)
4(1576 1602 1604 1578)
4(1578 1604 1606 1580)
4(1580 1606 1608 1582)
4(1582 1608 1610 1584)
4(1586 1612 1614 1588)
4(1588 1614 1616 1590)
4(1590 1616 1618 1592)
4(1592 1618 1620 1594)
4(1594 1620 1622 1596)
4(1596 1622 1624 1598)
4(1598 1624 1626 1600)
4(1600 1626 1628 1602)
4(1602 1628 1630 1604)
4(1604 1630 1632 1606)
4(1606 1632 1634 1608)
4(1608 1634 1636 1610)
4(1612 1638 1640 1614)
4(1614 1640 1642 1616)
4(1616 1642 1644 1618)
4(1618 1644 1646 1620)
4(1620 1646 1648 1622)
4(1622 1648 1650 1624)
4(1624 1650 1652 1626)
4(1626 1652 1654 1628)
4(1628 1654 1656 1630)
4(1630 1656 1658 1632)
4(1632 1658 1660 1634)
4(1634 1660 1662 1636)
4(1638 1664 1666 1640)
4(1640 1666 1668 1642)
4(1642 1668 1670 1644)
4(1644 1670 1672 1646)
4(1646 1672 1674 1648)
4(1648 1674 1676 1650)
4(1650 1676 1678 1652)
4(1652 1678 1680 1654)
4(1654 1680 1682 1656)
4(1656 1682 1684 1658)
4(1658 1684 1686 1660)
4(1660 1686 1688 1662)
4(1664 1690 1692 1666)
4(1666 1692 1694 1668)
4(1668 1694 1696 1670)
4(1670 1696 1698 1672)
4(1672 1698 1700 1674)
4(1674 1700 1702 1676)
4(1676 1702 1704 1678)
4(1678 1704 1706 1680)
4(1680 1706 1708 1682)
4(1682 1708 1710 1684)
4(1684 1710 1712 1686)
4(1686 1712 1714 1688)
4(1690 1716 1718 1692)
4(1692 1718 1720 1694)
4(1694 1720 1722 1696)
4(1696 1722 1724 1698)
4(1698 1724 1726 1700)
4(1700 1726 1728 1702)
4(1702 1728 1730 1704)
4(1704 1730 1732 1706)
4(1706 1732 1734 1708)
4(1708 1734 1736 1710)
4(1710 1736 1738 1712)
4(1712 1738 1740 1714)
4(1716 1742 1744 1718)
4(1718 1744 1746 1720)
4(1720 1746 1748 1722)
4(1722 1748 1750 1724)
4(1724 1750 1752 1726)
4(1726 1752 1754 1728)
4(1728 1754 1756 1730)
4(1730 1756 1758 1732)
4(1732 1758 1760 1734)
4(1734 1760 1762 1736)
4(1736 1762 1764 1738)
4(1738 1764 1766 1740)
4(1742 1768 1770 1744)
4(1744 1770 1772 1746)
4(1746 1772 1774 1748)
4(1748 1774 1776 1750)
4(1750 1776 1778 1752)
4(1752 1778 1780 1754)
4(1754 1780 1782 1756)
4(1756 1782 1784 1758)
4(1758 1784 1786 1760)
4(1760 1786 1788 1762)
4(1762 1788 1790 1764)
4(1764 1790 1792 1766)
4(1768 1794 1796 1770)
4(1770 1796 1798 1772)
4(1772 1798 1800 1774)
4(1774 1800 1802 1776)
4(1776 1802 1804 1778)
4(1778 1804 1806 1780)
4(1780 1806 1808 1782)
4(1782 1808 1810 1784)
4(1784 1810 1812 1786)
4(1786 1812 1814 1788)
4(1788 1814 1816 1790)
4(1790 1816 1818 1792)
4(1794 1820 1822 1796)
4(1796 1822 1824 1798)
4(1798 1824 1826 1800)
4(1800 1826 1828 1802)
4(1802 1828 1830 1804)
4(1804 1830 1832 1806)
4(1806 1832 1834 1808)
4(1808 1834 1836 1810)
4(1810 1836 1838 1812)
4(1812 1838 1840 1814)
4(1814 1840 1842 1816)
4(1816 1842 1844 1818)
4(1820 1846 1848 1822)
4(1822 1848 1850 1824)
4(1824 1850 1852 1826)
4(1826 1852 1854 1828)
4(1828 1854 1856 1830)
4(1830 1856 1858 1832)
4(1832 1858 1860 1834)
4(1834 1860 1862 1836)
4(1836 1862 1864 1838)
4(1838 1864 1866 1840)
4(1840 1866 1868 1842)
4(1842 1868 1870 1844)
4(1846 1872 1874 1848)
4(1848 1874 1876 1850)
4(1850 1876 1878 1852)
4(1852 1878 1880 1854)
4(1854 1880 1882 1856)
4(1856 1882 1884 1858)
4(1858 1884 1886 1860)
4(1860 1886 1888 1862)
4(1862 1888 1890 1864)
4(1864 1890 1892 1866)
4(1866 1892 1894 1868)
4(1868 1894 1896 1870)
4(1872 1898 1900 1874)
4(1874 1900 1902 1876)
4(1876 1902 1904 1878)
4(1878 1904 1906 1880)
4(1880 1906 1908 1882)
4(1882 1908 1910 1884)
4(1884 1910 1912 1886)
4(1886 1912 1914 1888)
4(1888 1914 1916 1890)
4(1890 1916 1918 1892)
4(1892 1918 1920 1894)
4(1894 1920 1922 1896)
4(1898 1924 1926 1900)
4(1900 1926 1928 1902)
4(1902 1928 1930 1904)
4(1904 1930 1932 1906)
4(1906 1932 1934 1908)
4(1908 1934 1936 1910)
4(1910 1936 1938 1912)
4(1912 1938 1940 1914)
4(1914 1940 1942 1916)
4(1916 1942 1944 1918)
4(1918 1944 1946 1920)
4(1920 1946 1948 1922)
4(1924 1950 1952 1926)
4(1926 1952 1954 1928)
4(1928 1954 1956 1930)
4(1930 1956 1958 1932)
4(1932 1958 1960 1934)
4(1934 1960 1962 1936)
4(1936 1962 1964 1938)
4(1938 1964 1966 1940)
4(1940 1966 1968 1942)
4(1942 1968 1970 1944)
4(1944 1970 1972 1946)
4(1946 1972 1974 1948)
4(1950 1976 1978 1952)
4(1952 1978 1980 1954)
4(1954 1980 1982 1956)
4(1956 1982 1984 1958)
4(1958 1984 1986 1960)
4(1960 1986 1988 1962)
4(1962 1988 1990 1964)
4(1964 1990 1992 1966)
4(1966 1992 1994 1968)
4(1968 1994 1996 1970)
4(1970 1996 1998 1972)
4(1972 1998 2000 1974)
4(1976 2002 2004 1978)
4(1978 2004 2006 1980)
4(1980 2006 2008 1982)
4(1982 2008 2010 1984)
4(1984 2010 2012 1986)
4(1986 2012 2014 1988)
4(1988 2014 2016 1990)
4(1990 2016 2018 1992)
4(1992 2018 2020 1994)
4(1994 2020 2022 1996)
4(1996 2022 2024 1998)
4(1998 2024 2026 2000)
4(2002 2028 2030 2004)
4(2004 2030 2032 2006)
4(2006 2032 2034 2008)
4(2008 2034 2036 2010)
4(2010 2036 2038 2012)
4(2012 2038 2040 2014)
4(2014 2040 2042 2016)
4(2016 2042 2044 2018)
4(2018 2044 2046 2020)
4(2020 2046 2048 2022)
4(2022 2048 2050 2024)
4(2024 2050 2052 2026)
4(2028 2054 2056 2030)
4(2030 2056 2058 2032)
4(2032 2058 2060 2034)
4(2034 2060 2062 2036)
4(2036 2062 2064 2038)
4(2038 2064 2066 2040)
4(2040 2066 2068 2042)
4(2042 2068 2070 2044)
4(2044 2070 2072 2046)
4(2046 2072 2074 2048)
4(2048 2074 2076 2050)
4(2050 2076 2078 2052)
4(2054 2080 2082 2056)
4(2056 2082 2084 2058)
4(2058 2084 2086 2060)
4(2060 2086 2088 2062)
4(2062 2088 2090 2064)
4(2064 2090 2092 2066)
4(2066 2092 2094 2068)
4(2068 2094 2096 2070)
4(2070 2096 2098 2072)
4(2072 2098 2100 2074)
4(2074 2100 2102 2076)
4(2076 2102 2104 2078)
4(2080 2106 2108 2082)
4(2082 2108 2110 2084)
4(2084 2110 2112 2086)
4(2086 2112 2114 2088)
4(2088 2114 2116 2090)
4(2090 2116 2118 2092)
4(2092 2118 2120 2094)
4(2094 2120 2122 2096)
4(2096 2122 2124 2098)
4(2098 2124 2126 2100)
4(2100 2126 2128 2102)
4(2102 2128 2130 2104)
4(2106 2132 2134 2108)
4(2108 2134 2136 2110)
4(2110 2136 2138 2112)
4(2112 2138 2140 2114)
4(2114 2140 2142 2116)
4(2116 2142 2144 2118)
4(2118 2144 2146 2120)
4(2120 2146 2148 2122)
4(2122 2148 2150 2124)
4(2124 2150 2152 2126)
4(2126 2152 2154 2128)
4(2128 2154 2156 2130)
4(2132 2158 2160 2134)
4(2134 2160 2162 2136)
4(2136 2162 2164 2138)
4(2138 2164 2166 2140)
4(2140 2166 2168 2142)
4(2142 2168 2170 2144)
4(2144 2170 2172 2146)
4(2146 2172 2174 2148)
4(2148 2174 2176 2150)
4(2150 2176 2178 2152)
4(2152 2178 2180 2154)
4(2154 2180 2182 2156)
4(2158 2184 2186 2160)
4(2160 2186 2188 2162)
4(2162 2188 2190 2164)
4(2164 2190 2192 2166)
4(2166 2192 2194 2168)
4(2168 2194 2196 2170)
4(2170 2196 2198 2172)
4(2172 2198 2200 2174)
4(2174 2200 2202 2176)
4(2176 2202 2204 2178)
4(2178 2204 2206 2180)
4(2180 2206 2208 2182)
4(2184 2210 2212 2186)
4(2186 2212 2214 2188)
4(2188 2214 2216 2190)
4(2190 2216 2218 2192)
4(2192 2218 2220 2194)
4(2194 2220 2222 2196)
4(2196 2222 2224 2198)
4(2198 2224 2226 2200)
4(2200 2226 2228 2202)
4(2202 2228 2230 2204)
4(2204 2230 2232 2206)
4(2206 2232 2234 2208)
4(2210 2236 2238 2212)
4(2212 2238 2240 2214)
4(2214 2240 2242 2216)
4(2216 2242 2244 2218)
4(2218 2244 2246 2220)
4(2220 2246 2248 2222)
4(2222 2248 2250 2224)
4(2224 2250 2252 2226)
4(2226 2252 2254 2228)
4(2228 2254 2256 2230)
4(2230 2256 2258 2232)
4(2232 2258 2260 2234)
4(2236 2262 2264 2238)
4(2238 2264 2266 2240)
4(2240 2266 2268 2242)
4(2242 2268 2270 2244)
4(2244 2270 2272 2246)
4(2246 2272 2274 2248)
4(2248 2274 2276 2250)
4(2250 2276 2278 2252)
4(2252 2278 2280 2254)
4(2254 2280 2282 2256)
4(2256 2282 2284 2258)
4(2258 2284 2286 2260)
4(2262 2288 2290 2264)
4(2264 2290 2292 2266)
4(2266 2292 2294 2268)
4(2268 2294 2296 2270)
4(2270 2296 2298 2272)
4(2272 2298 2300 2274)
4(2274 2300 2302 2276)
4(2276 2302 2304 2278)
4(2278 2304 2306 2280)
4(2280 2306 2308 2282)
4(2282 2308 2310 2284)
4(2284 2310 2312 2286)
4(2288 2314 2316 2290)
4(2290 2316 2318 2292)
4(2292 2318 2320 2294)
4(2294 2320 2322 2296)
4(2296 2322 2324 2298)
4(2298 2324 2326 2300)
4(2300 2326 2328 2302)
4(2302 2328 2330 2304)
4(2304 2330 2332 2306)
4(2306 2332 2334 2308)
4(2308 2334 2336 2310)
4(2310 2336 2338 2312)
4(2314 2340 2342 2316)
4(2316 2342 2344 2318)
4(2318 2344 2346 2320)
4(2320 2346 2348 2322)
4(2322 2348 2350 2324)
4(2324 2350 2352 2326)
4(2326 2352 2354 2328)
4(2328 2354 2356 2330)
4(2330 2356 2358 2332)
4(2332 2358 2360 2334)
4(2334 2360 2362 2336)
4(2336 2362 2364 2338)
4(1 3 29 27)
4(3 5 31 29)
4(5 7 33 31)
4(7 9 35 33)
4(9 11 37 35)
4(11 13 39 37)
4(13 15 41 39)
4(15 17 43 41)
4(17 19 45 43)
4(19 21 47 45)
4(21 23 49 47)
4(23 25 51 49)
4(27 29 55 53)
4(29 31 57 55)
4(31 33 59 57)
4(33 35 61 59)
4(35 37 63 61)
4(37 39 65 63)
4(39 41 67 65)
4(41 43 69 67)
4(43 45 71 69)
4(45 47 73 71)
4(47 49 75 73)
4(49 51 77 75)
4(53 55 81 79)
4(55 57 83 81)
4(57 59 85 83)
4(59 61 87 85)
4(61 63 89 87)
4(63 65 91 89)
4(65 67 93 91)
4(67 69 95 93)
4(69 71 97 95)
4(71 73 99 97)
4(73 75 101 99)
4(75 77 103 101)
4(79 81 107 105)
4(81 83 109 107)
4(83 85 111 109)
4(85 87 113 111)
4(87 89 115 113)
4(89 91 117 115)
4(91 93 119 117)
4(93 95 121 119)
4(95 97 123 121)
4(97 99 125 123)
4(99 101 127 125)
4(101 103 129 127)
4(105 107 133 131)
4(107 109 135 133)
4(109 111 137 135)
4(111 113 139 137)
4(113 115 141 139)
4(115 117 143 141)
4(117 119 145 143)
4(119 121 147 145)
4(121 123 149 147)
4(123 125 151 149)
4(125 127 153 151)
4(127 129 155 153)
4(131 133 159 157)
4(133 135 161 159)
4(135 137 163 161)
4(137 139 165 163)
4(139 141 167 165)
4(141 143 169 167)
4(143 145 171 169)
4(145 147 173 171)
4(147 149 175 173)
4(149 151 177 175)
4(151 153 179 177)
4(153 155 181 179)
4(157 159 185 183)
4(159 161 187 185)
4(161 163 189 187)
4(163 165 191 189)
4(165 167 193 191)
4(167 169 195 193)
4(169 171 197 195)
4(171 173 199 197)
4(173 175 201 199)
4(175 177 203 201)
4(177 179 205 203)
4(179 181 207 205)
4(183 185 211 209)
4(185 187 213 211)
4(187 189 215 213)
4(189 191 217 215)
4(191 193 219 217)
4(193 195 221 219)
4(195 197 223 221)
4(197 199 225 223)
4(199 201 227 225)
4(201 203 229 227)
4(203 205 231 229)
4(205 207 233 231)
4(209 211 237 235)
4(211 213 239 237)
4(213 215 241 239)
4(215 217 243 241)
4(217 219 245 243)
4(219 221 247 245)
4(221 223 249 247)
4(223 225 251 249)
4(225 227 253 251)
4(227 229 255 253)
4(229 231 257 255)
4(231 233 259 257)
4(235 237 263 261)
4(237 239 265 263)
4(239 241 267 265)
4(241 243 269 267)
4(243 245 271 269)
4(245 247 273 271)
4(247 249 275 273)
4(249 251 277 275)
4(251 253 279 277)
4(253 255 281 279)
4(255 257 283 281)
4(257 259 285 283)
4(261 263 289 287)
4(263 265 291 289)
4(265 267 293 291)
4(267 269 295 293)
4(269 271 297 295)
4(271 273 299 297)
4(273 275 301 299)
4(275 277 303 301)
4(277 279 305 303)
4(279 281 307 305)
4(281 283 309 307)
4(283 285 311 309)
4(287 289 315 313)
4(289 291 317 315)
4(291 293 319 317)
4(293 295 321 319)
4(295 297 323 321)
4(297 299 325 323)
4(299 301 327 325)
4(301 303 329 327)
4(303 305 331 329)
4(305 307 333 331)
4(307 309 335 333)
4(309 311 337 335)
4(313 315 341 339)
4(315 317 343 341)
4(317 319 345 343)
4(319 321 347 345)
4(321 323 349 347)
4(323 325 351 349)
4(325 327 353 351)
4(327 329 355 353)
4(329 331 357 355)
4(331 333 359 357)
4(333 335 361 359)
4(335 337 363 361)
4(339 341 367 365)
4(341 343 369 367)
4(343 345 371 369)
4(345 347 373 371)
4(347 349 375 373)
4(349 351 377 375)
4(351 353 379 377)
4(353 355 381 379)
4(355 357 383 381)
4(357 359 385 383)
4(359 361 387 385)
4(361 363 389 387)
4(365 367 393 391)
4(367 369 395 393)
4(369 371 397 395)
4(371 373 399 397)
4(373 375 401 399)
4(375 377 403 401)
4(377 379 405 403)
4(379 381 407 405)
4(381 383 409 407)
4(383 385 411 409)
4(385 387 413 411)
4(387 389 415 413)
4(391 393 419 417)
4(393 395 421 419)
4(395 397 423 421)
4(397 399 425 423)
4(399 401 427 425)
4(401 403 429 427)
4(403 405 431 429)
4(405 407 433 431)
4(407 409 435 433)
4(409 411 437 435)
4(411 413 439 437)
4(413 415 441 439)
4(417 419 445 443)
4(419 421 447 445)
4(421 423 449 447)
4(423 425 451 449)
4(425 427 453 451)
4(427 429 455 453)
4(429 431 457 455)
4(431 433 459 457)
4(433 435 461 459)
4(435 437 463 461)
4(437 439 465 463)
4(439 441 467 465)
4(443 445 471 469)
4(445 447 473 471)
4(447 449 475 473)
4(449 451 477 475)
4(451 453 479 477)
4(453 455 481 479)
4(455 457 483 481)
4(457 459 485 483)
4(459 461 487 485)
4(461 463 489 487)
4(463 465 491 489)
4(465 467 493 491)
4(469 471 497 495)
4(471 473 499 497)
4(473 475 501 499)
4(475 477 503 501)
4(477 479 505 503)
4(479 481 507 505)
4(481 483 509 507)
4(483 485 511 509)
4(485 487 513 511)
4(487 489 515 513)
4(489 491 517 515)
4(491 493 519 517)
4(495 497 523 521)
4(497 499 525 523)
4(499 501 527 525)
4(501 503 529 527)
4(503 505 531 529)
4(505 507 533 531)
4(507 509 535 533)
4(509 511 537 535)
4(511 513 539 537)
4(513 515 541 539)
4(515 517 543 541)
4(517 519 545 543)
4(521 523 549 547)
4(523 525 551 549)
4(525 527 553 551)
4(527 529 555 553)
4(529 531 557 555)
4(531 533 559 557)
4(533 535 561 559)
4(535 537 563 561)
4(537 539 565 563)
4(539 541 567 565)
4(541 543 569 567)
4(543 545 571 569)
4(547 549 575 573)
4(549 551 577 575)
4(551 553 579 577)
4(553 555 581 579)
4(555 557 583 581)
4(557 559 585 583)
4(559 561 587 585)
4(561 563 589 587)
4(563 565 591 589)
4(565 567 593 591)
4(567 569 595 593)
4(569 571 597 595)
4(573 575 601 599)
4(575 577 603 601)
4(577 579 605 603)
4(579 581 607 605)
4(581 583 609 607)
4(583 585 611 609)
4(585 587 613 611)
4(587 589 615 613)
4(589 591 617 615)
4(591 593 619 617)
4(593 595 621 619)
4(595 597 623 621)
4(599 601 627 625)
4(601 603 629 627)
4(603 605 631 629)
4(605 607 633 631)
4(607 609 635 633)
4(609 611 637 635)
4(611 613 639 637)
4(613 615 641 639)
4(615 617 643 641)
4(617 619 645 643)
4(619 621 647 645)
4(621 623 649 647)
4(625 627 653 651)
4(627 629 655 653)
4(629 631 657 655)
4(631 633 659 657)
4(633 635 661 659)
4(635 637 663 661)
4(637 639 665 663)
4(639 641 667 665)
4(641 643 669 667)
4(643 645 671 669)
4(645 647 673 671)
4(647 649 675 673)
4(651 653 679 677)
4(653 655 681 679)
4(655 657 683 681)
4(657 659 685 683)
4(659 661 687 685)
4(661 663 689 687)
4(663 665 691 689)
4(665 667 693 691)
4(667 669 695 693)
4(669 671 697 695)
4(671 673 699 697)
4(673 675 701 699)
4(677 679 705 703)
4(679 681 707 705)
4(681 683 709 707)
4(683 685 711 709)
4(685 687 713 711)
4(687 689 715 713)
4(689 691 717 715)
4(691 693 719 717)
4(693 695 721 719)
4(695 697 723 721)
4(697 699 725 723)
4(699 701 727 725)
4(703 705 731 729)
4(705 707 733 731)
4(707 709 735 733)
4(709 711 737 735)
4(711 713 739 737)
4(713 715 741 739)
4(715 717 743 741)
4(717 719 745 743)
4(719 721 747 745)
4(721 723 749 747)
4(723 725 751 749)
4(725 727 753 751)
4(729 731 757 755)
4(731 733 759 757)
4(733 735 761 759)
4(735 737 763 761)
4(737 739 765 763)
4(739 741 767 765)
4(741 743 769 767)
4(743 745 771 769)
4(745 747 773 771)
4(747 749 775 773)
4(749 751 777 775)
4(751 753 779 777)
4(755 757 783 781)
4(757 759 785 783)
4(759 761 787 785)
4(761 763 789 787)
4(763 765 791 789)
4(765 767 793 791)
4(767 769 795 793)
4(769 771 797 795)
4(771 773 799 797)
4(773 775 801 799)
4(775 777 803 801)
4(777 779 805 803)
4(781 783 809 807)
4(783 785 811 809)
4(785 787 813 811)
4(787 789 815 813)
4(789 791 817 815)
4(791 793 819 817)
4(793 795 821 819)
4(795 797 823 821)
4(797 799 825 823)
4(799 801 827 825)
4(801 803 829 827)
4(803 805 831 829)
4(807 809 835 833)
4(809 811 837 835)
4(811 813 839 837)
4(813 815 841 839)
4(815 817 843 841)
4(817 819 845 843)
4(819 821 847 845)
4(821 823 849 847)
4(823 825 851 849)
4(825 827 853 851)
4(827 829 855 853)
4(829 831 857 855)
4(833 835 861 859)
4(835 837 863 861)
4(837 839 865 863)
4(839 841 867 865)
4(841 843 869 867)
4(843 845 871 869)
4(845 847 873 871)
4(847 849 875 873)
4(849 851 877 875)
4(851 853 879 877)
4(853 855 881 879)
4(855 857 883 881)
4(859 861 887 885)
4(861 863 889 887)
4(863 865 891 889)
4(865 867 893 891)
4(867 869 895 893)
4(869 871 897 895)
4(871 873 899 897)
4(873 875 901 899)
4(875 877 903 901)
4(877 879 905 903)
4(879 881 907 905)
4(881 883 909 907)
4(885 887 913 911)
4(887 889 915 913)
4(889 891 917 915)
4(891 893 919 917)
4(893 895 921 919)
4(895 897 923 921)
4(897 899 925 923)
4(899 901 927 925)
4(901 903 929 927)
4(903 905 931 929)
4(905 907 933 931)
4(907 909 935 933)
4(911 913 939 937)
4(913 915 941 939)
4(915 917 943 941)
4(917 919 945 943)
4(919 921 947 945)
4(921 923 949 947)
4(923 925 951 949)
4(925 927 953 951)
4(927 929 955 953)
4(929 931 957 955)
4(931 933 959 957)
4(933 935 961 959)
4(937 939 965 963)
4(939 941 967 965)
4(941 943 969 967)
4(943 945 971 969)
4(945 947 973 971)
4(947 949 975 973)
4(949 951 977 975)
4(951 953 979 977)
4(953 955 981 979)
4(955 957 983 981)
4(957 959 985 983)
4(959 961 987 985)
4(963 965 991 989)
4(965 967 993 991)
4(967 969 995 993)
4(969 971 997 995)
4(971 973 999 997)
4(973 975 1001 999)
4(975 977 1003 1001)
4(977 979 1005 1003)
4(979 981 1007 1005)
4(981 983 1009 1007)
4(983 985 1011 1009)
4(985 987 1013 1011)
4(989 991 1017 1015)
4(991 993 1019 1017)
4(993 995 1021 1019)
4(995 997 1023 1021)
4(997 999 1025 1023)
4(999 1001 1027 1025)
4(1001 1003 1029 1027)
4(1003 1005 1031 1029)
4(1005 1007 1033 1031)
4(1007 1009 1035 1033)
4(1009 1011 1037 1035)
4(1011 1013 1039 1037)
4(1015 1017 1043 1041)
4(1017 1019 1045 1043)
4(1019 1021 1047 1045)
4(1021 1023 1049 1047)
4(1023 1025 1051 1049)
4(1025 1027 1053 1051)
4(1027 1029 1055 1053)
4(1029 1031 1057 1055)
4(1031 1033 1059 1057)
4(1033 1035 1061 1059)
4(1035 1037 1063 1061)
4(1037 1039 1065 1063)
4(1041 1043 1069 1067)
4(1043 1045 1071 1069)
4(1045 1047 1073 1071)
4(1047 1049 1075 1073)
4(1049 1051 1077 1075)
4(1051 1053 1079 1077)
4(1053 1055 1081 1079)
4(1055 1057 1083 1081)
4(1057 1059 1085 1083)
4(1059 1061 1087 1085)
4(1061 1063 1089 1087)
4(1063 1065 1091 1089)
4(1067 1069 1095 1093)
4(1069 1071 1097 1095)
4(1071 1073 1099 1097)
4(1073 1075 1101 1099)
4(1075 1077 1103 1101)
4(1077 1079 1105 1103)
4(1079 1081 1107 1105)
4(1081 1083 1109 1107)
4(1083 1085 1111 1109)
4(1085 1087 1113 1111)
4(1087 1089 1115 1113)
4(1089 1091 1117 1115)
4(1093 1095 1121 1119)
4(1095 1097 1123 1121)
4(1097 1099 1125 1123)
4(1099 1101 1127 1125)
4(1101 1103 1129 1127)
4(1103 1105 1131 1129)
4(1105 1107 1133 1131)
4(1107 1109 1135 1133)
4(1109 1111 1137 1135)
4(1111 1113 1139 1137)
4(1113 1115 1141 1139)
4(1115 1117 1143 1141)
4(1119 1121 1147 1145)
4(1121 1123 1149 1147)
4(1123 1125 1151 1149)
4(1125 1127 1153 1151)
4(1127 1129 1155 1153)
4(1129 1131 1157 1155)
4(1131 1133 1159 1157)
4(1133 1135 1161 1159)
4(1135 1137 1163 1161)
4(1137 1139 1165 1163)
4(1139 1141 1167 1165)
4(1141 1143 1169 1167)
4(1145 1147 1173 1171)
4(1147 1149 1175 1173)
4(1149 1151 1177 1175)
4(1151 1153 1179 1177)
4(1153 1155 1181 1179)
4(1155 1157 1183 1181)
4(1157 1159 1185 1183)
4(1159 1161 1187 1185)
4(1161 1163 1189 1187)
4(1163 1165 1191 1189)
4(1165 1167 1193 1191)
4(1167 1169 1195 1193)
4(1171 1173 1199 1197)
4(1173 1175 1201 1199)
4(1175 1177 1203 1201)
4(1177 1179 1205 1203)
4(1179 1181 1207 1205)
4(1181 1183 1209 1207)
4(1183 1185 1211 1209)
4(1185 1187 1213 1211)
4(1187 1189 1215 1213)
4(1189 1191 1217 1215)
4(1191 1193 1219 1217)
4(1193 1195 1221 1219)
4(1197 1199 1225 1223)
4(1199 1201 1227 1225)
4(1201 1203 1229 1227)
4(1203 1205 1231 1229)
4(1205 1207 1233 1231)
4(1207 1209 1235 1233)
4(1209 1211 1237 1235)
4(1211 1213 1239 1237)
4(1213 1215 1241 1239)
4(1215 1217 1243 1241)
4(1217 1219 1245 1243)
4(1219 1221 1247 1245)
4(1223 1225 1251 1249)
4(1225 1227 1253 1251)
4(1227 1229 1255 1253)
4(1229 1231 1257 1255)
4(1231 1233 1259 1257)
4(1233 1235 1261 1259)
4(1235 1237 1263 1261)
4(1237 1239 1265 1263)
4(1239 1241 1267 1265)
4(1241 1243 1269 1267)
4(1243 1245 1271 1269)
4(1245 1247 1273 1271)
4(1249 1251 1277 1275)
4(1251 1253 1279 1277)
4(1253 1255 1281 1279)
4(1255 1257 1283 1281)
4(1257 1259 1285 1283)
4(1259 1261 1287 1285)
4(1261 1263 1289 1287)
4(1263 1265 1291 1289)
4(1265 1267 1293 1291)
4(1267 1269 1295 1293)
4(1269 1271 1297 1295)
4(1271 1273 1299 1297)
4(1275 1277 1303 1301)
4(1277 1279 1305 1303)
4(1279 1281 1307 1305)
4(1281 1283 1309 1307)
4(1283 1285 1311 1309)
4(1285 1287 1313 1311)
4(1287 1289 1315 1313)
4(1289 1291 1317 1315)
4(1291 1293 1319 1317)
4(1293 1295 1321 1319)
4(1295 1297 1323 1321)
4(1297 1299 1325 1323)
4(1301 1303 1329 1327)
4(1303 1305 1331 1329)
4(1305 1307 1333 1331)
4(1307 1309 1335 1333)
4(1309 1311 1337 1335)
4(1311 1313 1339 1337)
4(1313 1315 1341 1339)
4(1315 1317 1343 1341)
4(1317 1319 1345 1343)
4(1319 1321 1347 1345)
4(1321 1323 1349 1347)
4(1323 1325 1351 1349)
4(1327 1329 1355 1353)
4(1329 1331 1357 1355)
4(1331 1333 1359 1357)
4(1333 1335 1361 1359)
4(1335 1337 1363 1361)
4(1337 1339 1365 1363)
4(1339 1341 1367 1365)
4(1341 1343 1369 1367)
4(1343 1345 1371 1369)
4(1345 1347 1373 1371)
4(1347 1349 1375 1373)
4(1349 1351 1377 1375)
4(1353 1355 1381 1379)
4(1355 1357 1383 1381)
4(1357 1359 1385 1383)
4(1359 1361 1387 1385)
4(1361 1363 1389 1387)
4(1363 1365 1391 1389)
4(1365 1367 1393 1391)
4(1367 1369 1395 1393)
4(1369 1371 1397 1395)
4(1371 1373 1399 1397)
4(1373 1375 1401 1399)
4(1375 1377 1403 1401)
4(1379 1381 1407 1405)
4(1381 1383 1409 1407)
4(1383 1385 1411 1409)
4(1385 1387 1413 1411)
4(1387 1389 1415 1413)
4(1389 1391 1417 1415)
4(1391 1393 1419 1417)
4(1393 1395 1421 1419)
4(1395 1397 1423 1421)
4(1397 1399 1425 1423)
4(1399 1401 1427 1425)
4(1401 1403 1429 1427)
4(1405 1407 1433 1431)
4(1407 1409 1435 1433)
4(1409 1411 1437 1435)
4(1411 1413 1439 1437)
4(1413 1415 1441 1439)
4(1415 1417 1443 1441)
4(1417 1419 1445 1443)
4(1419 1421 1447 1445)
4(1421 1423 1449 1447)
4(1423 1425 1451 1449)
4(1425 1427 1453 1451)
4(1427 1429 1455 1453)
4(1431 1433 1459 1457)
4(1433 1435 1461 1459)
4(1435 1437 1463 1461)
4(1437 1439 1465 1463)
4(1439 1441 1467 1465)
4(1441 1443 1469 1467)
4(1443 1445 1471 1469)
4(1445 1447 1473 1471)
4(1447 1449 1475 1473)
4(1449 1451 1477 1475)
4(1451 1453 1479 1477)
4(1453 1455 1481 1479)
4(1457 1459 1485 1483)
4(1459 1461 1487 1485)
4(1461 1463 1489 1487)
4(1463 1465 1491 1489)
4(1465 1467 1493 1491)
4(1467 1469 1495 1493)
4(1469 1471 1497 1495)
4(1471 1473 1499 1497)
4(1473 1475 1501 1499)
4(1475 1477 1503 1501)
4(1477 1479 1505 1503)
4(1479 1481 1507 1505)
4(1483 1485 1511 1509)
4(1485 1487 1513 1511)
4(1487 1489 1515 1513)
4(1489 1491 1517 1515)
4(1491 1493 1519 1517)
4(1493 1495 1521 1519)
4(1495 1497 1523 1521)
4(1497 1499 1525 1523)
4(1499 1501 1527 1525)
4(1501 1503 1529 1527)
4(1503 1505 1531 1529)
4(1505 1507 1533 1531)
4(1509 1511 1537 1535)
4(1511 1513 1539 1537)
4(1513 1515 1541 1539)
4(1515 1517 1543 1541)
4(1517 1519 1545 1543)
4(1519 1521 1547 1545)
4(1521 1523 1549 1547)
4(1523 1525 1551 1549)
4(1525 1527 1553 1551)
4(1527 1529 1555 1553)
4(1529 1531 1557 1555)
4(1531 1533 1559 1557)
4(1535 1537 1563 1561)
4(1537 1539 1565 1563)
4(1539 1541 1567 1565)
4(1541 1543 1569 1567)
4(1543 1545 1571 1569)
4(1545 1547 1573 1571)
4(1547 1549 1575 1573)
4(1549 1551 1577 1575)
4(1551 1553 1579 1577)
4(1553 1555 1581 1579)
4(1555 1557 1583 1581)
4(1557 1559 1585 1583)
4(1561 1563 1589 1587)
4(1563 1565 1591 1589)
4(1565 1567 1593 1591)
4(1567 1569 1595 1593)
4(1569 1571 1597 1595)
4(1571 1573 1599 1597)
4(1573 1575 1601 1599)
4(1575 1577 1603 1601)
4(1577 1579 1605 1603)
4(1579 1581 1607 1605)
4(1581 1583 1609 1607)
4(1583 1585 1611 1609)
4(1587 1589 1615 1613)
4(1589 1591 1617 1615)
4(1591 1593 1619 1617)
4(1593 1595 1621 1619)
4(1595 1597 1623 1621)
4(1597 1599 1625 1623)
4(1599 1601 1627 1625)
4(1601 1603 1629 1627)
4(1603 1605 1631 1629)
4(1605 1607 1633 1631)
4(1607 1609 1635 1633)
4(1609 1611 1637 1635)
4(1613 1615 1641 1639)
4(1615 1617 1643 1641)
4(1617 1619 1645 1643)
4(1619 1621 1647 1645)
4(1621 1623 1649 1647)
4(1623 1625 1651 1649)
4(1625 1627 1653 1651)
4(1627 1629 1655 1653)
4(1629 1631 1657 1655)
4(1631 1633 1659 1657)
4(1633 1635 1661 1659)
4(1635 1637 1663 1661)
4(1639 1641 1667 1665)
4(1641 1643 1669 1667)
4(1643 1645 1671 1669)
4(1645 1647 1673 1671)
4(1647 1649 1675 1673)
4(1649 1651 1677 1675)
4(1651 1653 1679 1677)
4(1653 1655 1681 1679)
4(1655 1657 1683 1681)
4(1657 1659 1685 1683)
4(1659 1661 1687 1685)
4(1661 1663 1689 1687)
4(1665 1667 1693 1691)
4(1667 1669 1695 1693)
4(1669 1671 1697 1695)
4(1671 1673 1699 1697)
4(1673 1675 1701 1699)
4(1675 1677 1703 1701)
4(1677 1679 1705 1703)
4(1679 1681 1707 1705)
4(1681 1683 1709 1707)
4(1683 1685 1711 1709)
4(1685 1687 1713 1711)
4(1687 1689 1715 1713)
4(1691 1693 1719 1717)
4(1693 1695 1721 1719)
4(1695 1697 1723 1721)
4(1697 1699 1725 1723)
4(1699 1701 1727 1725)
4(1701 1703 1729 1727)
4(1703 1705 1731 1729)
4(1705 1707 1733 1731)
4(1707 1709 1735 1733)
4(1709 1711 1737 1735)
4(1711 1713 1739 1737)
4(1713 1715 1741 1739)
4(1717 1719 1745 1743)
4(1719 1721 1747 1745)
4(1721 1723 1749 1747)
4(1723 1725 1751 1749)
4(1725 1727 1753 1751)
4(1727 1729 1755 1753)
4(1729 1731 1757 1755)
4(1731 1733 1759 1757)
4(1733 1735 1761 1759)
4(1735 1737 1763 1761)
4(1737 1739 1765 1763)
4(1739 1741 1767 1765)
4(1743 1745 1771 1769)
4(1745 1747 1773 1771)
4(1747 1749 1775 1773)
4(1749 1751 1777 1775)
4(1751 1753 1779 1777)
4(1753 1755 1781 1779)
4(1755 1757 1783 1781)
4(1757 1759 1785 1783)
4(1759 1761 1787 1785)
4(1761 1763 1789 1787)
4(1763 1765 1791 1789)
4(1765 1767 1793 1791)
4(1769 1771 1797 1795)
4(1771 1773 1799 1797)
4(1773 1775 1801 1799)
4(1775 1777 1803 1801)
4(1777 1779 1805 1803)
4(1779 1781 1807 1805)
4(1781 1783 1809 1807)
4(1783 1785 1811 1809)
4(1785 1787 1813 1811)
4(1787 1789 1815 1813)
4(1789 1791 1817 1815)
4(1791 1793 1819 1817)
4(1795 1797 1823 1821)
4(1797 1799 1825 1823)
4(1799 1801 1827 1825)
4(1801 1803 1829 1827)
4(1803 1805 1831 1829)
4(1805 1807 1833 1831)
4(1807 1809 1835 1833)
4(1809 1811 1837 1835)
4(1811 1813 1839 1837)
4(1813 1815 1841 1839)
4(1815 1817 1843 1841)
4(1817 1819 1845 1843)
4(1821 1823 1849 1847)
4(1823 1825 1851 1849)
4(1825 1827 1853 1851)
4(1827 1829 1855 1853)
4(1829 1831 1857 1855)
4(1831 1833 1859 1857)
4(1833 1835 1861 1859)
4(1835 1837 1863 1861)
4(1837 1839 1865 1863)
4(1839 1841 1867 1865)
4(1841 1843 1869 1867)
4(1843 1845 1871 1869)
4(1847 1849 1875 1873)
4(1849 1851 1877 1875)
4(1851 1853 1879 1877)
4(1853 1855 1881 1879)
4(1855 1857 1883 1881)
4(1857 1859 1885 1883)
4(1859 1861 1887 1885)
4(1861 1863 1889 1887)
4(1863 1865 1891 1889)
4(1865 1867 1893 1891)
4(1867 1869 1895 1893)
4(1869 1871 1897 1895)
4(1873 1875 1901 1899)
4(1875 1877 1903 1901)
4(1877 1879 1905 1903)
4(1879 1881 1907 1905)
4(1881 1883 1909 1907)
4(1883 1885 1911 1909)
4(1885 1887 1913 1911)
4(1887 1889 1915 1913)
4(1889 1891 1917 1915)
4(1891 1893 1919 1917)
4(1893 1895 1921 1919)
4(1895 1897 1923 1921)
4(1899 1901 1927 1925)
4(1901 1903 1929 1927)
4(1903 1905 1931 1929)
4(1905 1907 1933 1931)
4(1907 1909 1935 1933)
4(1909 1911 1937 1935)
4(1911 1913 1939 1937)
4(1913 1915 1941 1939)
4(1915 1917 1943 1941)
4(1917 1919 1945 1943)
4(1919 1921 1947 1945)
4(1921 1923 1949 1947)
4(1925 1927 1953 1951)
4(1927 1929 1955 1953)
4(1929 1931 1957 1955)
4(1931 1933 1959 1957)
4(1933 1935 1961 1959)
4(1935 1937 1963 1961)
4(1937 1939 1965 1963)
4(1939 1941 1967 1965)
4(1941 1943 1969 1967)
4(1943 1945 1971 1969)
4(1945 1947 1973 1971)
4(1947 1949 1975 1973)
4(1951 1953 1979 1977)
4(1953 1955 1981 1979)
4(1955 1957 1983 1981)
4(1957 1959 1985 1983)
4(1959 1961 1987 1985)
4(1961 1963 1989 1987)
4(1963 1965 1991 1989)
4(1965 1967 1993 1991)
4(1967 1969 1995 1993)
4(1969 1971 1997 1995)
4(1971 1973 1999 1997)
4(1973 1975 2001 1999)
4(1977 1979 2005 2003)
4(1979 1981 2007 2005)
4(1981 1983 2009 2007)
4(1983 1985 2011 2009)
4(1985 1987 2013 2011)
4(1987 1989 2015 2013)
4(1989 1991 2017 2015)
4(1991 1993 2019 2017)
4(1993 1995 2021 2019)
4(1995 1997 2023 2021)
4(1997 1999 2025 2023)
4(1999 2001 2027 2025)
4(2003 2005 2031 2029)
4(2005 2007 2033 2031)
4(2007 2009 2035 2033)
4(2009 2011 2037 2035)
4(2011 2013 2039 2037)
4(2013 2015 2041 2039)
4(2015 2017 2043 2041)
4(2017 2019 2045 2043)
4(2019 2021 2047 2045)
4(2021 2023 2049 2047)
4(2023 2025 2051 2049)
4(2025 2027 2053 2051)
4(2029 2031 2057 2055)
4(2031 2033 2059 2057)
4(2033 2035 2061 2059)
4(2035 2037 2063 2061)
4(2037 2039 2065 2063)
4(2039 2041 2067 2065)
4(2041 2043 2069 2067)
4(2043 2045 2071 2069)
4(2045 2047 2073 2071)
4(2047 2049 2075 2073)
4(2049 2051 2077 2075)
4(2051 2053 2079 2077)
4(2055 2057 2083 2081)
4(2057 2059 2085 2083)
4(2059 2061 2087 2085)
4(2061 2063 2089 2087)
4(2063 2065 2091 2089)
4(2065 2067 2093 2091)
4(2067 2069 2095 2093)
4(2069 2071 2097 2095)
4(2071 2073 2099 2097)
4(2073 2075 2101 2099)
4(2075 2077 2103 2101)
4(2077 2079 2105 2103)
4(2081 2083 2109 2107)
4(2083 2085 2111 2109)
4(2085 2087 2113 2111)
4(2087 2089 2115 2113)
4(2089 2091 2117 2115)
4(2091 2093 2119 2117)
4(2093 2095 2121 2119)
4(2095 2097 2123 2121)
4(2097 2099 2125 2123)
4(2099 2101 2127 2125)
4(2101 2103 2129 2127)
4(2103 2105 2131 2129)
4(2107 2109 2135 2133)
4(2109 2111 2137 2135)
4(2111 2113 2139 2137)
4(2113 2115 2141 2139)
4(2115 2117 2143 2141)
4(2117 2119 2145 2143)
4(2119 2121 2147 2145)
4(2121 2123 2149 2147)
4(2123 2125 2151 2149)
4(2125 2127 2153 2151)
4(2127 2129 2155 2153)
4(2129 2131 2157 2155)
4(2133 2135 2161 2159)
4(2135 2137 2163 2161)
4(2137 2139 2165 2163)
4(2139 2141 2167 2165)
4(2141 2143 2169 2167)
4(2143 2145 2171 2169)
4(2145 2147 2173 2171)
4(2147 2149 2175 2173)
4(2149 2151 2177 2175)
4(2151 2153 2179 2177)
4(2153 2155 2181 2179)
4(2155 2157 2183 2181)
4(2159 2161 2187 2185)
4(2161 2163 2189 2187)
4(2163 2165 2191 2189)
4(2165 2167 2193 2191)
4(2167 2169 2195 2193)
4(2169 2171 2197 2195)
4(2171 2173 2199 2197)
4(2173 2175 2201 2199)
4(2175 2177 2203 2201)
4(2177 2179 2205 2203)
4(2179 2181 2207 2205)
4(2181 2183 2209 2207)
4(2185 2187 2213 2211)
4(2187 2189 2215 2213)
4(2189 2191 2217 2215)
4(2191 2193 2219 2217)
4(2193 2195 2221 2219)
4(2195 2197 2223 2221)
4(2197 2199 2225 2223)
4(2199 2201 2227 2225)
4(2201 2203 2229 2227)
4(2203 2205 2231 2229)
4(2205 2207 2233 2231)
4(2207 2209 2235 2233)
4(2211 2213 2239 2237)
4(2213 2215 2241 2239)
4(2215 2217 2243 2241)
4(2217 2219 2245 2243)
4(2219 2221 2247 2245)
4(2221 2223 2249 2247)
4(2223 2225 2251 2249)
4(2225 2227 2253 2251)
4(2227 2229 2255 2253)
4(2229 2231 2257 2255)
4(2231 2233 2259 2257)
4(2233 2235 2261 2259)
4(2237 2239 2265 2263)
4(2239 2241 2267 2265)
4(2241 2243 2269 2267)
4(2243 2245 2271 2269)
4(2245 2247 2273 2271)
4(2247 2249 2275 2273)
4(2249 2251 2277 2275)
4(2251 2253 2279 2277)
4(2253 2255 2281 2279)
4(2255 2257 2283 2281)
4(2257 2259 2285 2283)
4(2259 2261 2287 2285)
4(2263 2265 2291 2289)
4(2265 2267 2293 2291)
4(2267 2269 2295 2293)
4(2269 2271 2297 2295)
4(2271 2273 2299 2297)
4(2273 2275 2301 2299)
4(2275 2277 2303 2301)
4(2277 2279 2305 2303)
4(2279 2281 2307 2305)
4(2281 2283 2309 2307)
4(2283 2285 2311 2309)
4(2285 2287 2313 2311)
4(2289 2291 2317 2315)
4(2291 2293 2319 2317)
4(2293 2295 2321 2319)
4(2295 2297 2323 2321)
4(2297 2299 2325 2323)
4(2299 2301 2327 2325)
4(2301 2303 2329 2327)
4(2303 2305 2331 2329)
4(2305 2307 2333 2331)
4(2307 2309 2335 2333)
4(2309 2311 2337 2335)
4(2311 2313 2339 2337)
4(2315 2317 2343 2341)
4(2317 2319 2345 2343)
4(2319 2321 2347 2345)
4(2321 2323 2349 2347)
4(2323 2325 2351 2349)
4(2325 2327 2353 2351)
4(2327 2329 2355 2353)
4(2329 2331 2357 2355)
4(2331 2333 2359 2357)
4(2333 2335 2361 2359)
4(2335 2337 2363 2361)
4(2337 2339 2365 2363)
)


// ************************************************************************* //
