/*--------------------------------*- C++ -*----------------------------------*\
| =========                 |                                                 |
| \\      /  F ield         | OpenFOAM: The Open Source CFD Toolbox           |
|  \\    /   O peration     | Version:  v2012                                 |
|   \\  /    A nd           | Website:  www.openfoam.com                      |
|    \\/     M anipulation  |                                                 |
\*---------------------------------------------------------------------------*/
FoamFile
{
    version     2.0;
    format      ascii;
    class       vectorField;
    location    "constant/polyMesh";
    object      points;
}
// * * * * * * * * * * * * * * * * * * * * * * * * * * * * * * * * * * * * * //


2366
(
(0.0131 -0.02 -0.15)
(0.014142 -0.02 -0.15)
(0.0131 -0.01666666667 -0.15)
(0.014142 -0.01666666667 -0.15)
(0.0131 -0.01333333333 -0.15)
(0.014142 -0.01333333333 -0.15)
(0.0131 -0.01 -0.15)
(0.014142 -0.01 -0.15)
(0.0131 -0.006666666667 -0.15)
(0.014142 -0.006666666667 -0.15)
(0.0131 -0.003333333333 -0.15)
(0.014142 -0.003333333333 -0.15)
(0.0131 0 -0.15)
(0.014142 0 -0.15)
(0.0131 0.003333333333 -0.15)
(0.014142 0.003333333333 -0.15)
(0.0131 0.006666666667 -0.15)
(0.014142 0.006666666667 -0.15)
(0.0131 0.01 -0.15)
(0.014142 0.01 -0.15)
(0.0131 0.01333333333 -0.15)
(0.014142 0.01333333333 -0.15)
(0.0131 0.01666666667 -0.15)
(0.014142 0.01666666667 -0.15)
(0.0131 0.02 -0.15)
(0.014142 0.02 -0.15)
(0.0131 -0.02 -0.1466666667)
(0.014142 -0.02 -0.1466666667)
(0.0131 -0.01666666667 -0.1466666667)
(0.014142 -0.01666666667 -0.1466666667)
(0.0131 -0.01333333333 -0.1466666667)
(0.014142 -0.01333333333 -0.1466666667)
(0.0131 -0.01 -0.1466666667)
(0.014142 -0.01 -0.1466666667)
(0.0131 -0.006666666667 -0.1466666667)
(0.014142 -0.006666666667 -0.1466666667)
(0.0131 -0.003333333333 -0.1466666667)
(0.014142 -0.003333333333 -0.1466666667)
(0.0131 0 -0.1466666667)
(0.014142 0 -0.1466666667)
(0.0131 0.003333333333 -0.1466666667)
(0.014142 0.003333333333 -0.1466666667)
(0.0131 0.006666666667 -0.1466666667)
(0.014142 0.006666666667 -0.1466666667)
(0.0131 0.01 -0.1466666667)
(0.014142 0.01 -0.1466666667)
(0.0131 0.01333333333 -0.1466666667)
(0.014142 0.01333333333 -0.1466666667)
(0.0131 0.01666666667 -0.1466666667)
(0.014142 0.01666666667 -0.1466666667)
(0.0131 0.02 -0.1466666667)
(0.014142 0.02 -0.1466666667)
(0.0131 -0.02 -0.1433333333)
(0.014142 -0.02 -0.1433333333)
(0.0131 -0.01666666667 -0.1433333333)
(0.014142 -0.01666666667 -0.1433333333)
(0.0131 -0.01333333333 -0.1433333333)
(0.014142 -0.01333333333 -0.1433333333)
(0.0131 -0.01 -0.1433333333)
(0.014142 -0.01 -0.1433333333)
(0.0131 -0.006666666667 -0.1433333333)
(0.014142 -0.006666666667 -0.1433333333)
(0.0131 -0.003333333333 -0.1433333333)
(0.014142 -0.003333333333 -0.1433333333)
(0.0131 0 -0.1433333333)
(0.014142 0 -0.1433333333)
(0.0131 0.003333333333 -0.1433333333)
(0.014142 0.003333333333 -0.1433333333)
(0.0131 0.006666666667 -0.1433333333)
(0.014142 0.006666666667 -0.1433333333)
(0.0131 0.01 -0.1433333333)
(0.014142 0.01 -0.1433333333)
(0.0131 0.01333333333 -0.1433333333)
(0.014142 0.01333333333 -0.1433333333)
(0.0131 0.01666666667 -0.1433333333)
(0.014142 0.01666666667 -0.1433333333)
(0.0131 0.02 -0.1433333333)
(0.014142 0.02 -0.1433333333)
(0.0131 -0.02 -0.14)
(0.014142 -0.02 -0.14)
(0.0131 -0.01666666667 -0.14)
(0.014142 -0.01666666667 -0.14)
(0.0131 -0.01333333333 -0.14)
(0.014142 -0.01333333333 -0.14)
(0.0131 -0.01 -0.14)
(0.014142 -0.01 -0.14)
(0.0131 -0.006666666667 -0.14)
(0.014142 -0.006666666667 -0.14)
(0.0131 -0.003333333333 -0.14)
(0.014142 -0.003333333333 -0.14)
(0.0131 0 -0.14)
(0.014142 0 -0.14)
(0.0131 0.003333333333 -0.14)
(0.014142 0.003333333333 -0.14)
(0.0131 0.006666666667 -0.14)
(0.014142 0.006666666667 -0.14)
(0.0131 0.01 -0.14)
(0.014142 0.01 -0.14)
(0.0131 0.01333333333 -0.14)
(0.014142 0.01333333333 -0.14)
(0.0131 0.01666666667 -0.14)
(0.014142 0.01666666667 -0.14)
(0.0131 0.02 -0.14)
(0.014142 0.02 -0.14)
(0.0131 -0.02 -0.1366666667)
(0.014142 -0.02 -0.1366666667)
(0.0131 -0.01666666667 -0.1366666667)
(0.014142 -0.01666666667 -0.1366666667)
(0.0131 -0.01333333333 -0.1366666667)
(0.014142 -0.01333333333 -0.1366666667)
(0.0131 -0.01 -0.1366666667)
(0.014142 -0.01 -0.1366666667)
(0.0131 -0.006666666667 -0.1366666667)
(0.014142 -0.006666666667 -0.1366666667)
(0.0131 -0.003333333333 -0.1366666667)
(0.014142 -0.003333333333 -0.1366666667)
(0.0131 0 -0.1366666667)
(0.014142 0 -0.1366666667)
(0.0131 0.003333333333 -0.1366666667)
(0.014142 0.003333333333 -0.1366666667)
(0.0131 0.006666666667 -0.1366666667)
(0.014142 0.006666666667 -0.1366666667)
(0.0131 0.01 -0.1366666667)
(0.014142 0.01 -0.1366666667)
(0.0131 0.01333333333 -0.1366666667)
(0.014142 0.01333333333 -0.1366666667)
(0.0131 0.01666666667 -0.1366666667)
(0.014142 0.01666666667 -0.1366666667)
(0.0131 0.02 -0.1366666667)
(0.014142 0.02 -0.1366666667)
(0.0131 -0.02 -0.1333333333)
(0.014142 -0.02 -0.1333333333)
(0.0131 -0.01666666667 -0.1333333333)
(0.014142 -0.01666666667 -0.1333333333)
(0.0131 -0.01333333333 -0.1333333333)
(0.014142 -0.01333333333 -0.1333333333)
(0.0131 -0.01 -0.1333333333)
(0.014142 -0.01 -0.1333333333)
(0.0131 -0.006666666667 -0.1333333333)
(0.014142 -0.006666666667 -0.1333333333)
(0.0131 -0.003333333333 -0.1333333333)
(0.014142 -0.003333333333 -0.1333333333)
(0.0131 0 -0.1333333333)
(0.014142 0 -0.1333333333)
(0.0131 0.003333333333 -0.1333333333)
(0.014142 0.003333333333 -0.1333333333)
(0.0131 0.006666666667 -0.1333333333)
(0.014142 0.006666666667 -0.1333333333)
(0.0131 0.01 -0.1333333333)
(0.014142 0.01 -0.1333333333)
(0.0131 0.01333333333 -0.1333333333)
(0.014142 0.01333333333 -0.1333333333)
(0.0131 0.01666666667 -0.1333333333)
(0.014142 0.01666666667 -0.1333333333)
(0.0131 0.02 -0.1333333333)
(0.014142 0.02 -0.1333333333)
(0.0131 -0.02 -0.13)
(0.014142 -0.02 -0.13)
(0.0131 -0.01666666667 -0.13)
(0.014142 -0.01666666667 -0.13)
(0.0131 -0.01333333333 -0.13)
(0.014142 -0.01333333333 -0.13)
(0.0131 -0.01 -0.13)
(0.014142 -0.01 -0.13)
(0.0131 -0.006666666667 -0.13)
(0.014142 -0.006666666667 -0.13)
(0.0131 -0.003333333333 -0.13)
(0.014142 -0.003333333333 -0.13)
(0.0131 0 -0.13)
(0.014142 0 -0.13)
(0.0131 0.003333333333 -0.13)
(0.014142 0.003333333333 -0.13)
(0.0131 0.006666666667 -0.13)
(0.014142 0.006666666667 -0.13)
(0.0131 0.01 -0.13)
(0.014142 0.01 -0.13)
(0.0131 0.01333333333 -0.13)
(0.014142 0.01333333333 -0.13)
(0.0131 0.01666666667 -0.13)
(0.014142 0.01666666667 -0.13)
(0.0131 0.02 -0.13)
(0.014142 0.02 -0.13)
(0.0131 -0.02 -0.1266666667)
(0.014142 -0.02 -0.1266666667)
(0.0131 -0.01666666667 -0.1266666667)
(0.014142 -0.01666666667 -0.1266666667)
(0.0131 -0.01333333333 -0.1266666667)
(0.014142 -0.01333333333 -0.1266666667)
(0.0131 -0.01 -0.1266666667)
(0.014142 -0.01 -0.1266666667)
(0.0131 -0.006666666667 -0.1266666667)
(0.014142 -0.006666666667 -0.1266666667)
(0.0131 -0.003333333333 -0.1266666667)
(0.014142 -0.003333333333 -0.1266666667)
(0.0131 0 -0.1266666667)
(0.014142 0 -0.1266666667)
(0.0131 0.003333333333 -0.1266666667)
(0.014142 0.003333333333 -0.1266666667)
(0.0131 0.006666666667 -0.1266666667)
(0.014142 0.006666666667 -0.1266666667)
(0.0131 0.01 -0.1266666667)
(0.014142 0.01 -0.1266666667)
(0.0131 0.01333333333 -0.1266666667)
(0.014142 0.01333333333 -0.1266666667)
(0.0131 0.01666666667 -0.1266666667)
(0.014142 0.01666666667 -0.1266666667)
(0.0131 0.02 -0.1266666667)
(0.014142 0.02 -0.1266666667)
(0.0131 -0.02 -0.1233333333)
(0.014142 -0.02 -0.1233333333)
(0.0131 -0.01666666667 -0.1233333333)
(0.014142 -0.01666666667 -0.1233333333)
(0.0131 -0.01333333333 -0.1233333333)
(0.014142 -0.01333333333 -0.1233333333)
(0.0131 -0.01 -0.1233333333)
(0.014142 -0.01 -0.1233333333)
(0.0131 -0.006666666667 -0.1233333333)
(0.014142 -0.006666666667 -0.1233333333)
(0.0131 -0.003333333333 -0.1233333333)
(0.014142 -0.003333333333 -0.1233333333)
(0.0131 0 -0.1233333333)
(0.014142 0 -0.1233333333)
(0.0131 0.003333333333 -0.1233333333)
(0.014142 0.003333333333 -0.1233333333)
(0.0131 0.006666666667 -0.1233333333)
(0.014142 0.006666666667 -0.1233333333)
(0.0131 0.01 -0.1233333333)
(0.014142 0.01 -0.1233333333)
(0.0131 0.01333333333 -0.1233333333)
(0.014142 0.01333333333 -0.1233333333)
(0.0131 0.01666666667 -0.1233333333)
(0.014142 0.01666666667 -0.1233333333)
(0.0131 0.02 -0.1233333333)
(0.014142 0.02 -0.1233333333)
(0.0131 -0.02 -0.12)
(0.014142 -0.02 -0.12)
(0.0131 -0.01666666667 -0.12)
(0.014142 -0.01666666667 -0.12)
(0.0131 -0.01333333333 -0.12)
(0.014142 -0.01333333333 -0.12)
(0.0131 -0.01 -0.12)
(0.014142 -0.01 -0.12)
(0.0131 -0.006666666667 -0.12)
(0.014142 -0.006666666667 -0.12)
(0.0131 -0.003333333333 -0.12)
(0.014142 -0.003333333333 -0.12)
(0.0131 0 -0.12)
(0.014142 0 -0.12)
(0.0131 0.003333333333 -0.12)
(0.014142 0.003333333333 -0.12)
(0.0131 0.006666666667 -0.12)
(0.014142 0.006666666667 -0.12)
(0.0131 0.01 -0.12)
(0.014142 0.01 -0.12)
(0.0131 0.01333333333 -0.12)
(0.014142 0.01333333333 -0.12)
(0.0131 0.01666666667 -0.12)
(0.014142 0.01666666667 -0.12)
(0.0131 0.02 -0.12)
(0.014142 0.02 -0.12)
(0.0131 -0.02 -0.1166666667)
(0.014142 -0.02 -0.1166666667)
(0.0131 -0.01666666667 -0.1166666667)
(0.014142 -0.01666666667 -0.1166666667)
(0.0131 -0.01333333333 -0.1166666667)
(0.014142 -0.01333333333 -0.1166666667)
(0.0131 -0.01 -0.1166666667)
(0.014142 -0.01 -0.1166666667)
(0.0131 -0.006666666667 -0.1166666667)
(0.014142 -0.006666666667 -0.1166666667)
(0.0131 -0.003333333333 -0.1166666667)
(0.014142 -0.003333333333 -0.1166666667)
(0.0131 0 -0.1166666667)
(0.014142 0 -0.1166666667)
(0.0131 0.003333333333 -0.1166666667)
(0.014142 0.003333333333 -0.1166666667)
(0.0131 0.006666666667 -0.1166666667)
(0.014142 0.006666666667 -0.1166666667)
(0.0131 0.01 -0.1166666667)
(0.014142 0.01 -0.1166666667)
(0.0131 0.01333333333 -0.1166666667)
(0.014142 0.01333333333 -0.1166666667)
(0.0131 0.01666666667 -0.1166666667)
(0.014142 0.01666666667 -0.1166666667)
(0.0131 0.02 -0.1166666667)
(0.014142 0.02 -0.1166666667)
(0.0131 -0.02 -0.1133333333)
(0.014142 -0.02 -0.1133333333)
(0.0131 -0.01666666667 -0.1133333333)
(0.014142 -0.01666666667 -0.1133333333)
(0.0131 -0.01333333333 -0.1133333333)
(0.014142 -0.01333333333 -0.1133333333)
(0.0131 -0.01 -0.1133333333)
(0.014142 -0.01 -0.1133333333)
(0.0131 -0.006666666667 -0.1133333333)
(0.014142 -0.006666666667 -0.1133333333)
(0.0131 -0.003333333333 -0.1133333333)
(0.014142 -0.003333333333 -0.1133333333)
(0.0131 0 -0.1133333333)
(0.014142 0 -0.1133333333)
(0.0131 0.003333333333 -0.1133333333)
(0.014142 0.003333333333 -0.1133333333)
(0.0131 0.006666666667 -0.1133333333)
(0.014142 0.006666666667 -0.1133333333)
(0.0131 0.01 -0.1133333333)
(0.014142 0.01 -0.1133333333)
(0.0131 0.01333333333 -0.1133333333)
(0.014142 0.01333333333 -0.1133333333)
(0.0131 0.01666666667 -0.1133333333)
(0.014142 0.01666666667 -0.1133333333)
(0.0131 0.02 -0.1133333333)
(0.014142 0.02 -0.1133333333)
(0.0131 -0.02 -0.11)
(0.014142 -0.02 -0.11)
(0.0131 -0.01666666667 -0.11)
(0.014142 -0.01666666667 -0.11)
(0.0131 -0.01333333333 -0.11)
(0.014142 -0.01333333333 -0.11)
(0.0131 -0.01 -0.11)
(0.014142 -0.01 -0.11)
(0.0131 -0.006666666667 -0.11)
(0.014142 -0.006666666667 -0.11)
(0.0131 -0.003333333333 -0.11)
(0.014142 -0.003333333333 -0.11)
(0.0131 0 -0.11)
(0.014142 0 -0.11)
(0.0131 0.003333333333 -0.11)
(0.014142 0.003333333333 -0.11)
(0.0131 0.006666666667 -0.11)
(0.014142 0.006666666667 -0.11)
(0.0131 0.01 -0.11)
(0.014142 0.01 -0.11)
(0.0131 0.01333333333 -0.11)
(0.014142 0.01333333333 -0.11)
(0.0131 0.01666666667 -0.11)
(0.014142 0.01666666667 -0.11)
(0.0131 0.02 -0.11)
(0.014142 0.02 -0.11)
(0.0131 -0.02 -0.1066666667)
(0.014142 -0.02 -0.1066666667)
(0.0131 -0.01666666667 -0.1066666667)
(0.014142 -0.01666666667 -0.1066666667)
(0.0131 -0.01333333333 -0.1066666667)
(0.014142 -0.01333333333 -0.1066666667)
(0.0131 -0.01 -0.1066666667)
(0.014142 -0.01 -0.1066666667)
(0.0131 -0.006666666667 -0.1066666667)
(0.014142 -0.006666666667 -0.1066666667)
(0.0131 -0.003333333333 -0.1066666667)
(0.014142 -0.003333333333 -0.1066666667)
(0.0131 0 -0.1066666667)
(0.014142 0 -0.1066666667)
(0.0131 0.003333333333 -0.1066666667)
(0.014142 0.003333333333 -0.1066666667)
(0.0131 0.006666666667 -0.1066666667)
(0.014142 0.006666666667 -0.1066666667)
(0.0131 0.01 -0.1066666667)
(0.014142 0.01 -0.1066666667)
(0.0131 0.01333333333 -0.1066666667)
(0.014142 0.01333333333 -0.1066666667)
(0.0131 0.01666666667 -0.1066666667)
(0.014142 0.01666666667 -0.1066666667)
(0.0131 0.02 -0.1066666667)
(0.014142 0.02 -0.1066666667)
(0.0131 -0.02 -0.1033333333)
(0.014142 -0.02 -0.1033333333)
(0.0131 -0.01666666667 -0.1033333333)
(0.014142 -0.01666666667 -0.1033333333)
(0.0131 -0.01333333333 -0.1033333333)
(0.014142 -0.01333333333 -0.1033333333)
(0.0131 -0.01 -0.1033333333)
(0.014142 -0.01 -0.1033333333)
(0.0131 -0.006666666667 -0.1033333333)
(0.014142 -0.006666666667 -0.1033333333)
(0.0131 -0.003333333333 -0.1033333333)
(0.014142 -0.003333333333 -0.1033333333)
(0.0131 0 -0.1033333333)
(0.014142 0 -0.1033333333)
(0.0131 0.003333333333 -0.1033333333)
(0.014142 0.003333333333 -0.1033333333)
(0.0131 0.006666666667 -0.1033333333)
(0.014142 0.006666666667 -0.1033333333)
(0.0131 0.01 -0.1033333333)
(0.014142 0.01 -0.1033333333)
(0.0131 0.01333333333 -0.1033333333)
(0.014142 0.01333333333 -0.1033333333)
(0.0131 0.01666666667 -0.1033333333)
(0.014142 0.01666666667 -0.1033333333)
(0.0131 0.02 -0.1033333333)
(0.014142 0.02 -0.1033333333)
(0.0131 -0.02 -0.1)
(0.014142 -0.02 -0.1)
(0.0131 -0.01666666667 -0.1)
(0.014142 -0.01666666667 -0.1)
(0.0131 -0.01333333333 -0.1)
(0.014142 -0.01333333333 -0.1)
(0.0131 -0.01 -0.1)
(0.014142 -0.01 -0.1)
(0.0131 -0.006666666667 -0.1)
(0.014142 -0.006666666667 -0.1)
(0.0131 -0.003333333333 -0.1)
(0.014142 -0.003333333333 -0.1)
(0.0131 0 -0.1)
(0.014142 0 -0.1)
(0.0131 0.003333333333 -0.1)
(0.014142 0.003333333333 -0.1)
(0.0131 0.006666666667 -0.1)
(0.014142 0.006666666667 -0.1)
(0.0131 0.01 -0.1)
(0.014142 0.01 -0.1)
(0.0131 0.01333333333 -0.1)
(0.014142 0.01333333333 -0.1)
(0.0131 0.01666666667 -0.1)
(0.014142 0.01666666667 -0.1)
(0.0131 0.02 -0.1)
(0.014142 0.02 -0.1)
(0.0131 -0.02 -0.09666666667)
(0.014142 -0.02 -0.09666666667)
(0.0131 -0.01666666667 -0.09666666667)
(0.014142 -0.01666666667 -0.09666666667)
(0.0131 -0.01333333333 -0.09666666667)
(0.014142 -0.01333333333 -0.09666666667)
(0.0131 -0.01 -0.09666666667)
(0.014142 -0.01 -0.09666666667)
(0.0131 -0.006666666667 -0.09666666667)
(0.014142 -0.006666666667 -0.09666666667)
(0.0131 -0.003333333333 -0.09666666667)
(0.014142 -0.003333333333 -0.09666666667)
(0.0131 0 -0.09666666667)
(0.014142 0 -0.09666666667)
(0.0131 0.003333333333 -0.09666666667)
(0.014142 0.003333333333 -0.09666666667)
(0.0131 0.006666666667 -0.09666666667)
(0.014142 0.006666666667 -0.09666666667)
(0.0131 0.01 -0.09666666667)
(0.014142 0.01 -0.09666666667)
(0.0131 0.01333333333 -0.09666666667)
(0.014142 0.01333333333 -0.09666666667)
(0.0131 0.01666666667 -0.09666666667)
(0.014142 0.01666666667 -0.09666666667)
(0.0131 0.02 -0.09666666667)
(0.014142 0.02 -0.09666666667)
(0.0131 -0.02 -0.09333333333)
(0.014142 -0.02 -0.09333333333)
(0.0131 -0.01666666667 -0.09333333333)
(0.014142 -0.01666666667 -0.09333333333)
(0.0131 -0.01333333333 -0.09333333333)
(0.014142 -0.01333333333 -0.09333333333)
(0.0131 -0.01 -0.09333333333)
(0.014142 -0.01 -0.09333333333)
(0.0131 -0.006666666667 -0.09333333333)
(0.014142 -0.006666666667 -0.09333333333)
(0.0131 -0.003333333333 -0.09333333333)
(0.014142 -0.003333333333 -0.09333333333)
(0.0131 0 -0.09333333333)
(0.014142 0 -0.09333333333)
(0.0131 0.003333333333 -0.09333333333)
(0.014142 0.003333333333 -0.09333333333)
(0.0131 0.006666666667 -0.09333333333)
(0.014142 0.006666666667 -0.09333333333)
(0.0131 0.01 -0.09333333333)
(0.014142 0.01 -0.09333333333)
(0.0131 0.01333333333 -0.09333333333)
(0.014142 0.01333333333 -0.09333333333)
(0.0131 0.01666666667 -0.09333333333)
(0.014142 0.01666666667 -0.09333333333)
(0.0131 0.02 -0.09333333333)
(0.014142 0.02 -0.09333333333)
(0.0131 -0.02 -0.09)
(0.014142 -0.02 -0.09)
(0.0131 -0.01666666667 -0.09)
(0.014142 -0.01666666667 -0.09)
(0.0131 -0.01333333333 -0.09)
(0.014142 -0.01333333333 -0.09)
(0.0131 -0.01 -0.09)
(0.014142 -0.01 -0.09)
(0.0131 -0.006666666667 -0.09)
(0.014142 -0.006666666667 -0.09)
(0.0131 -0.003333333333 -0.09)
(0.014142 -0.003333333333 -0.09)
(0.0131 0 -0.09)
(0.014142 0 -0.09)
(0.0131 0.003333333333 -0.09)
(0.014142 0.003333333333 -0.09)
(0.0131 0.006666666667 -0.09)
(0.014142 0.006666666667 -0.09)
(0.0131 0.01 -0.09)
(0.014142 0.01 -0.09)
(0.0131 0.01333333333 -0.09)
(0.014142 0.01333333333 -0.09)
(0.0131 0.01666666667 -0.09)
(0.014142 0.01666666667 -0.09)
(0.0131 0.02 -0.09)
(0.014142 0.02 -0.09)
(0.0131 -0.02 -0.08666666667)
(0.014142 -0.02 -0.08666666667)
(0.0131 -0.01666666667 -0.08666666667)
(0.014142 -0.01666666667 -0.08666666667)
(0.0131 -0.01333333333 -0.08666666667)
(0.014142 -0.01333333333 -0.08666666667)
(0.0131 -0.01 -0.08666666667)
(0.014142 -0.01 -0.08666666667)
(0.0131 -0.006666666667 -0.08666666667)
(0.014142 -0.006666666667 -0.08666666667)
(0.0131 -0.003333333333 -0.08666666667)
(0.014142 -0.003333333333 -0.08666666667)
(0.0131 0 -0.08666666667)
(0.014142 0 -0.08666666667)
(0.0131 0.003333333333 -0.08666666667)
(0.014142 0.003333333333 -0.08666666667)
(0.0131 0.006666666667 -0.08666666667)
(0.014142 0.006666666667 -0.08666666667)
(0.0131 0.01 -0.08666666667)
(0.014142 0.01 -0.08666666667)
(0.0131 0.01333333333 -0.08666666667)
(0.014142 0.01333333333 -0.08666666667)
(0.0131 0.01666666667 -0.08666666667)
(0.014142 0.01666666667 -0.08666666667)
(0.0131 0.02 -0.08666666667)
(0.014142 0.02 -0.08666666667)
(0.0131 -0.02 -0.08333333333)
(0.014142 -0.02 -0.08333333333)
(0.0131 -0.01666666667 -0.08333333333)
(0.014142 -0.01666666667 -0.08333333333)
(0.0131 -0.01333333333 -0.08333333333)
(0.014142 -0.01333333333 -0.08333333333)
(0.0131 -0.01 -0.08333333333)
(0.014142 -0.01 -0.08333333333)
(0.0131 -0.006666666667 -0.08333333333)
(0.014142 -0.006666666667 -0.08333333333)
(0.0131 -0.003333333333 -0.08333333333)
(0.014142 -0.003333333333 -0.08333333333)
(0.0131 0 -0.08333333333)
(0.014142 0 -0.08333333333)
(0.0131 0.003333333333 -0.08333333333)
(0.014142 0.003333333333 -0.08333333333)
(0.0131 0.006666666667 -0.08333333333)
(0.014142 0.006666666667 -0.08333333333)
(0.0131 0.01 -0.08333333333)
(0.014142 0.01 -0.08333333333)
(0.0131 0.01333333333 -0.08333333333)
(0.014142 0.01333333333 -0.08333333333)
(0.0131 0.01666666667 -0.08333333333)
(0.014142 0.01666666667 -0.08333333333)
(0.0131 0.02 -0.08333333333)
(0.014142 0.02 -0.08333333333)
(0.0131 -0.02 -0.08)
(0.014142 -0.02 -0.08)
(0.0131 -0.01666666667 -0.08)
(0.014142 -0.01666666667 -0.08)
(0.0131 -0.01333333333 -0.08)
(0.014142 -0.01333333333 -0.08)
(0.0131 -0.01 -0.08)
(0.014142 -0.01 -0.08)
(0.0131 -0.006666666667 -0.08)
(0.014142 -0.006666666667 -0.08)
(0.0131 -0.003333333333 -0.08)
(0.014142 -0.003333333333 -0.08)
(0.0131 0 -0.08)
(0.014142 0 -0.08)
(0.0131 0.003333333333 -0.08)
(0.014142 0.003333333333 -0.08)
(0.0131 0.006666666667 -0.08)
(0.014142 0.006666666667 -0.08)
(0.0131 0.01 -0.08)
(0.014142 0.01 -0.08)
(0.0131 0.01333333333 -0.08)
(0.014142 0.01333333333 -0.08)
(0.0131 0.01666666667 -0.08)
(0.014142 0.01666666667 -0.08)
(0.0131 0.02 -0.08)
(0.014142 0.02 -0.08)
(0.0131 -0.02 -0.07666666667)
(0.014142 -0.02 -0.07666666667)
(0.0131 -0.01666666667 -0.07666666667)
(0.014142 -0.01666666667 -0.07666666667)
(0.0131 -0.01333333333 -0.07666666667)
(0.014142 -0.01333333333 -0.07666666667)
(0.0131 -0.01 -0.07666666667)
(0.014142 -0.01 -0.07666666667)
(0.0131 -0.006666666667 -0.07666666667)
(0.014142 -0.006666666667 -0.07666666667)
(0.0131 -0.003333333333 -0.07666666667)
(0.014142 -0.003333333333 -0.07666666667)
(0.0131 0 -0.07666666667)
(0.014142 0 -0.07666666667)
(0.0131 0.003333333333 -0.07666666667)
(0.014142 0.003333333333 -0.07666666667)
(0.0131 0.006666666667 -0.07666666667)
(0.014142 0.006666666667 -0.07666666667)
(0.0131 0.01 -0.07666666667)
(0.014142 0.01 -0.07666666667)
(0.0131 0.01333333333 -0.07666666667)
(0.014142 0.01333333333 -0.07666666667)
(0.0131 0.01666666667 -0.07666666667)
(0.014142 0.01666666667 -0.07666666667)
(0.0131 0.02 -0.07666666667)
(0.014142 0.02 -0.07666666667)
(0.0131 -0.02 -0.07333333333)
(0.014142 -0.02 -0.07333333333)
(0.0131 -0.01666666667 -0.07333333333)
(0.014142 -0.01666666667 -0.07333333333)
(0.0131 -0.01333333333 -0.07333333333)
(0.014142 -0.01333333333 -0.07333333333)
(0.0131 -0.01 -0.07333333333)
(0.014142 -0.01 -0.07333333333)
(0.0131 -0.006666666667 -0.07333333333)
(0.014142 -0.006666666667 -0.07333333333)
(0.0131 -0.003333333333 -0.07333333333)
(0.014142 -0.003333333333 -0.07333333333)
(0.0131 0 -0.07333333333)
(0.014142 0 -0.07333333333)
(0.0131 0.003333333333 -0.07333333333)
(0.014142 0.003333333333 -0.07333333333)
(0.0131 0.006666666667 -0.07333333333)
(0.014142 0.006666666667 -0.07333333333)
(0.0131 0.01 -0.07333333333)
(0.014142 0.01 -0.07333333333)
(0.0131 0.01333333333 -0.07333333333)
(0.014142 0.01333333333 -0.07333333333)
(0.0131 0.01666666667 -0.07333333333)
(0.014142 0.01666666667 -0.07333333333)
(0.0131 0.02 -0.07333333333)
(0.014142 0.02 -0.07333333333)
(0.0131 -0.02 -0.07)
(0.014142 -0.02 -0.07)
(0.0131 -0.01666666667 -0.07)
(0.014142 -0.01666666667 -0.07)
(0.0131 -0.01333333333 -0.07)
(0.014142 -0.01333333333 -0.07)
(0.0131 -0.01 -0.07)
(0.014142 -0.01 -0.07)
(0.0131 -0.006666666667 -0.07)
(0.014142 -0.006666666667 -0.07)
(0.0131 -0.003333333333 -0.07)
(0.014142 -0.003333333333 -0.07)
(0.0131 0 -0.07)
(0.014142 0 -0.07)
(0.0131 0.003333333333 -0.07)
(0.014142 0.003333333333 -0.07)
(0.0131 0.006666666667 -0.07)
(0.014142 0.006666666667 -0.07)
(0.0131 0.01 -0.07)
(0.014142 0.01 -0.07)
(0.0131 0.01333333333 -0.07)
(0.014142 0.01333333333 -0.07)
(0.0131 0.01666666667 -0.07)
(0.014142 0.01666666667 -0.07)
(0.0131 0.02 -0.07)
(0.014142 0.02 -0.07)
(0.0131 -0.02 -0.06666666667)
(0.014142 -0.02 -0.06666666667)
(0.0131 -0.01666666667 -0.06666666667)
(0.014142 -0.01666666667 -0.06666666667)
(0.0131 -0.01333333333 -0.06666666667)
(0.014142 -0.01333333333 -0.06666666667)
(0.0131 -0.01 -0.06666666667)
(0.014142 -0.01 -0.06666666667)
(0.0131 -0.006666666667 -0.06666666667)
(0.014142 -0.006666666667 -0.06666666667)
(0.0131 -0.003333333333 -0.06666666667)
(0.014142 -0.003333333333 -0.06666666667)
(0.0131 0 -0.06666666667)
(0.014142 0 -0.06666666667)
(0.0131 0.003333333333 -0.06666666667)
(0.014142 0.003333333333 -0.06666666667)
(0.0131 0.006666666667 -0.06666666667)
(0.014142 0.006666666667 -0.06666666667)
(0.0131 0.01 -0.06666666667)
(0.014142 0.01 -0.06666666667)
(0.0131 0.01333333333 -0.06666666667)
(0.014142 0.01333333333 -0.06666666667)
(0.0131 0.01666666667 -0.06666666667)
(0.014142 0.01666666667 -0.06666666667)
(0.0131 0.02 -0.06666666667)
(0.014142 0.02 -0.06666666667)
(0.0131 -0.02 -0.06333333333)
(0.014142 -0.02 -0.06333333333)
(0.0131 -0.01666666667 -0.06333333333)
(0.014142 -0.01666666667 -0.06333333333)
(0.0131 -0.01333333333 -0.06333333333)
(0.014142 -0.01333333333 -0.06333333333)
(0.0131 -0.01 -0.06333333333)
(0.014142 -0.01 -0.06333333333)
(0.0131 -0.006666666667 -0.06333333333)
(0.014142 -0.006666666667 -0.06333333333)
(0.0131 -0.003333333333 -0.06333333333)
(0.014142 -0.003333333333 -0.06333333333)
(0.0131 0 -0.06333333333)
(0.014142 0 -0.06333333333)
(0.0131 0.003333333333 -0.06333333333)
(0.014142 0.003333333333 -0.06333333333)
(0.0131 0.006666666667 -0.06333333333)
(0.014142 0.006666666667 -0.06333333333)
(0.0131 0.01 -0.06333333333)
(0.014142 0.01 -0.06333333333)
(0.0131 0.01333333333 -0.06333333333)
(0.014142 0.01333333333 -0.06333333333)
(0.0131 0.01666666667 -0.06333333333)
(0.014142 0.01666666667 -0.06333333333)
(0.0131 0.02 -0.06333333333)
(0.014142 0.02 -0.06333333333)
(0.0131 -0.02 -0.06)
(0.014142 -0.02 -0.06)
(0.0131 -0.01666666667 -0.06)
(0.014142 -0.01666666667 -0.06)
(0.0131 -0.01333333333 -0.06)
(0.014142 -0.01333333333 -0.06)
(0.0131 -0.01 -0.06)
(0.014142 -0.01 -0.06)
(0.0131 -0.006666666667 -0.06)
(0.014142 -0.006666666667 -0.06)
(0.0131 -0.003333333333 -0.06)
(0.014142 -0.003333333333 -0.06)
(0.0131 0 -0.06)
(0.014142 0 -0.06)
(0.0131 0.003333333333 -0.06)
(0.014142 0.003333333333 -0.06)
(0.0131 0.006666666667 -0.06)
(0.014142 0.006666666667 -0.06)
(0.0131 0.01 -0.06)
(0.014142 0.01 -0.06)
(0.0131 0.01333333333 -0.06)
(0.014142 0.01333333333 -0.06)
(0.0131 0.01666666667 -0.06)
(0.014142 0.01666666667 -0.06)
(0.0131 0.02 -0.06)
(0.014142 0.02 -0.06)
(0.0131 -0.02 -0.05666666667)
(0.014142 -0.02 -0.05666666667)
(0.0131 -0.01666666667 -0.05666666667)
(0.014142 -0.01666666667 -0.05666666667)
(0.0131 -0.01333333333 -0.05666666667)
(0.014142 -0.01333333333 -0.05666666667)
(0.0131 -0.01 -0.05666666667)
(0.014142 -0.01 -0.05666666667)
(0.0131 -0.006666666667 -0.05666666667)
(0.014142 -0.006666666667 -0.05666666667)
(0.0131 -0.003333333333 -0.05666666667)
(0.014142 -0.003333333333 -0.05666666667)
(0.0131 0 -0.05666666667)
(0.014142 0 -0.05666666667)
(0.0131 0.003333333333 -0.05666666667)
(0.014142 0.003333333333 -0.05666666667)
(0.0131 0.006666666667 -0.05666666667)
(0.014142 0.006666666667 -0.05666666667)
(0.0131 0.01 -0.05666666667)
(0.014142 0.01 -0.05666666667)
(0.0131 0.01333333333 -0.05666666667)
(0.014142 0.01333333333 -0.05666666667)
(0.0131 0.01666666667 -0.05666666667)
(0.014142 0.01666666667 -0.05666666667)
(0.0131 0.02 -0.05666666667)
(0.014142 0.02 -0.05666666667)
(0.0131 -0.02 -0.05333333333)
(0.014142 -0.02 -0.05333333333)
(0.0131 -0.01666666667 -0.05333333333)
(0.014142 -0.01666666667 -0.05333333333)
(0.0131 -0.01333333333 -0.05333333333)
(0.014142 -0.01333333333 -0.05333333333)
(0.0131 -0.01 -0.05333333333)
(0.014142 -0.01 -0.05333333333)
(0.0131 -0.006666666667 -0.05333333333)
(0.014142 -0.006666666667 -0.05333333333)
(0.0131 -0.003333333333 -0.05333333333)
(0.014142 -0.003333333333 -0.05333333333)
(0.0131 0 -0.05333333333)
(0.014142 0 -0.05333333333)
(0.0131 0.003333333333 -0.05333333333)
(0.014142 0.003333333333 -0.05333333333)
(0.0131 0.006666666667 -0.05333333333)
(0.014142 0.006666666667 -0.05333333333)
(0.0131 0.01 -0.05333333333)
(0.014142 0.01 -0.05333333333)
(0.0131 0.01333333333 -0.05333333333)
(0.014142 0.01333333333 -0.05333333333)
(0.0131 0.01666666667 -0.05333333333)
(0.014142 0.01666666667 -0.05333333333)
(0.0131 0.02 -0.05333333333)
(0.014142 0.02 -0.05333333333)
(0.0131 -0.02 -0.05)
(0.014142 -0.02 -0.05)
(0.0131 -0.01666666667 -0.05)
(0.014142 -0.01666666667 -0.05)
(0.0131 -0.01333333333 -0.05)
(0.014142 -0.01333333333 -0.05)
(0.0131 -0.01 -0.05)
(0.014142 -0.01 -0.05)
(0.0131 -0.006666666667 -0.05)
(0.014142 -0.006666666667 -0.05)
(0.0131 -0.003333333333 -0.05)
(0.014142 -0.003333333333 -0.05)
(0.0131 0 -0.05)
(0.014142 0 -0.05)
(0.0131 0.003333333333 -0.05)
(0.014142 0.003333333333 -0.05)
(0.0131 0.006666666667 -0.05)
(0.014142 0.006666666667 -0.05)
(0.0131 0.01 -0.05)
(0.014142 0.01 -0.05)
(0.0131 0.01333333333 -0.05)
(0.014142 0.01333333333 -0.05)
(0.0131 0.01666666667 -0.05)
(0.014142 0.01666666667 -0.05)
(0.0131 0.02 -0.05)
(0.014142 0.02 -0.05)
(0.0131 -0.02 -0.04666666667)
(0.014142 -0.02 -0.04666666667)
(0.0131 -0.01666666667 -0.04666666667)
(0.014142 -0.01666666667 -0.04666666667)
(0.0131 -0.01333333333 -0.04666666667)
(0.014142 -0.01333333333 -0.04666666667)
(0.0131 -0.01 -0.04666666667)
(0.014142 -0.01 -0.04666666667)
(0.0131 -0.006666666667 -0.04666666667)
(0.014142 -0.006666666667 -0.04666666667)
(0.0131 -0.003333333333 -0.04666666667)
(0.014142 -0.003333333333 -0.04666666667)
(0.0131 0 -0.04666666667)
(0.014142 0 -0.04666666667)
(0.0131 0.003333333333 -0.04666666667)
(0.014142 0.003333333333 -0.04666666667)
(0.0131 0.006666666667 -0.04666666667)
(0.014142 0.006666666667 -0.04666666667)
(0.0131 0.01 -0.04666666667)
(0.014142 0.01 -0.04666666667)
(0.0131 0.01333333333 -0.04666666667)
(0.014142 0.01333333333 -0.04666666667)
(0.0131 0.01666666667 -0.04666666667)
(0.014142 0.01666666667 -0.04666666667)
(0.0131 0.02 -0.04666666667)
(0.014142 0.02 -0.04666666667)
(0.0131 -0.02 -0.04333333333)
(0.014142 -0.02 -0.04333333333)
(0.0131 -0.01666666667 -0.04333333333)
(0.014142 -0.01666666667 -0.04333333333)
(0.0131 -0.01333333333 -0.04333333333)
(0.014142 -0.01333333333 -0.04333333333)
(0.0131 -0.01 -0.04333333333)
(0.014142 -0.01 -0.04333333333)
(0.0131 -0.006666666667 -0.04333333333)
(0.014142 -0.006666666667 -0.04333333333)
(0.0131 -0.003333333333 -0.04333333333)
(0.014142 -0.003333333333 -0.04333333333)
(0.0131 0 -0.04333333333)
(0.014142 0 -0.04333333333)
(0.0131 0.003333333333 -0.04333333333)
(0.014142 0.003333333333 -0.04333333333)
(0.0131 0.006666666667 -0.04333333333)
(0.014142 0.006666666667 -0.04333333333)
(0.0131 0.01 -0.04333333333)
(0.014142 0.01 -0.04333333333)
(0.0131 0.01333333333 -0.04333333333)
(0.014142 0.01333333333 -0.04333333333)
(0.0131 0.01666666667 -0.04333333333)
(0.014142 0.01666666667 -0.04333333333)
(0.0131 0.02 -0.04333333333)
(0.014142 0.02 -0.04333333333)
(0.0131 -0.02 -0.04)
(0.014142 -0.02 -0.04)
(0.0131 -0.01666666667 -0.04)
(0.014142 -0.01666666667 -0.04)
(0.0131 -0.01333333333 -0.04)
(0.014142 -0.01333333333 -0.04)
(0.0131 -0.01 -0.04)
(0.014142 -0.01 -0.04)
(0.0131 -0.006666666667 -0.04)
(0.014142 -0.006666666667 -0.04)
(0.0131 -0.003333333333 -0.04)
(0.014142 -0.003333333333 -0.04)
(0.0131 0 -0.04)
(0.014142 0 -0.04)
(0.0131 0.003333333333 -0.04)
(0.014142 0.003333333333 -0.04)
(0.0131 0.006666666667 -0.04)
(0.014142 0.006666666667 -0.04)
(0.0131 0.01 -0.04)
(0.014142 0.01 -0.04)
(0.0131 0.01333333333 -0.04)
(0.014142 0.01333333333 -0.04)
(0.0131 0.01666666667 -0.04)
(0.014142 0.01666666667 -0.04)
(0.0131 0.02 -0.04)
(0.014142 0.02 -0.04)
(0.0131 -0.02 -0.03666666667)
(0.014142 -0.02 -0.03666666667)
(0.0131 -0.01666666667 -0.03666666667)
(0.014142 -0.01666666667 -0.03666666667)
(0.0131 -0.01333333333 -0.03666666667)
(0.014142 -0.01333333333 -0.03666666667)
(0.0131 -0.01 -0.03666666667)
(0.014142 -0.01 -0.03666666667)
(0.0131 -0.006666666667 -0.03666666667)
(0.014142 -0.006666666667 -0.03666666667)
(0.0131 -0.003333333333 -0.03666666667)
(0.014142 -0.003333333333 -0.03666666667)
(0.0131 0 -0.03666666667)
(0.014142 0 -0.03666666667)
(0.0131 0.003333333333 -0.03666666667)
(0.014142 0.003333333333 -0.03666666667)
(0.0131 0.006666666667 -0.03666666667)
(0.014142 0.006666666667 -0.03666666667)
(0.0131 0.01 -0.03666666667)
(0.014142 0.01 -0.03666666667)
(0.0131 0.01333333333 -0.03666666667)
(0.014142 0.01333333333 -0.03666666667)
(0.0131 0.01666666667 -0.03666666667)
(0.014142 0.01666666667 -0.03666666667)
(0.0131 0.02 -0.03666666667)
(0.014142 0.02 -0.03666666667)
(0.0131 -0.02 -0.03333333333)
(0.014142 -0.02 -0.03333333333)
(0.0131 -0.01666666667 -0.03333333333)
(0.014142 -0.01666666667 -0.03333333333)
(0.0131 -0.01333333333 -0.03333333333)
(0.014142 -0.01333333333 -0.03333333333)
(0.0131 -0.01 -0.03333333333)
(0.014142 -0.01 -0.03333333333)
(0.0131 -0.006666666667 -0.03333333333)
(0.014142 -0.006666666667 -0.03333333333)
(0.0131 -0.003333333333 -0.03333333333)
(0.014142 -0.003333333333 -0.03333333333)
(0.0131 0 -0.03333333333)
(0.014142 0 -0.03333333333)
(0.0131 0.003333333333 -0.03333333333)
(0.014142 0.003333333333 -0.03333333333)
(0.0131 0.006666666667 -0.03333333333)
(0.014142 0.006666666667 -0.03333333333)
(0.0131 0.01 -0.03333333333)
(0.014142 0.01 -0.03333333333)
(0.0131 0.01333333333 -0.03333333333)
(0.014142 0.01333333333 -0.03333333333)
(0.0131 0.01666666667 -0.03333333333)
(0.014142 0.01666666667 -0.03333333333)
(0.0131 0.02 -0.03333333333)
(0.014142 0.02 -0.03333333333)
(0.0131 -0.02 -0.03)
(0.014142 -0.02 -0.03)
(0.0131 -0.01666666667 -0.03)
(0.014142 -0.01666666667 -0.03)
(0.0131 -0.01333333333 -0.03)
(0.014142 -0.01333333333 -0.03)
(0.0131 -0.01 -0.03)
(0.014142 -0.01 -0.03)
(0.0131 -0.006666666667 -0.03)
(0.014142 -0.006666666667 -0.03)
(0.0131 -0.003333333333 -0.03)
(0.014142 -0.003333333333 -0.03)
(0.0131 0 -0.03)
(0.014142 0 -0.03)
(0.0131 0.003333333333 -0.03)
(0.014142 0.003333333333 -0.03)
(0.0131 0.006666666667 -0.03)
(0.014142 0.006666666667 -0.03)
(0.0131 0.01 -0.03)
(0.014142 0.01 -0.03)
(0.0131 0.01333333333 -0.03)
(0.014142 0.01333333333 -0.03)
(0.0131 0.01666666667 -0.03)
(0.014142 0.01666666667 -0.03)
(0.0131 0.02 -0.03)
(0.014142 0.02 -0.03)
(0.0131 -0.02 -0.02666666667)
(0.014142 -0.02 -0.02666666667)
(0.0131 -0.01666666667 -0.02666666667)
(0.014142 -0.01666666667 -0.02666666667)
(0.0131 -0.01333333333 -0.02666666667)
(0.014142 -0.01333333333 -0.02666666667)
(0.0131 -0.01 -0.02666666667)
(0.014142 -0.01 -0.02666666667)
(0.0131 -0.006666666667 -0.02666666667)
(0.014142 -0.006666666667 -0.02666666667)
(0.0131 -0.003333333333 -0.02666666667)
(0.014142 -0.003333333333 -0.02666666667)
(0.0131 0 -0.02666666667)
(0.014142 0 -0.02666666667)
(0.0131 0.003333333333 -0.02666666667)
(0.014142 0.003333333333 -0.02666666667)
(0.0131 0.006666666667 -0.02666666667)
(0.014142 0.006666666667 -0.02666666667)
(0.0131 0.01 -0.02666666667)
(0.014142 0.01 -0.02666666667)
(0.0131 0.01333333333 -0.02666666667)
(0.014142 0.01333333333 -0.02666666667)
(0.0131 0.01666666667 -0.02666666667)
(0.014142 0.01666666667 -0.02666666667)
(0.0131 0.02 -0.02666666667)
(0.014142 0.02 -0.02666666667)
(0.0131 -0.02 -0.02333333333)
(0.014142 -0.02 -0.02333333333)
(0.0131 -0.01666666667 -0.02333333333)
(0.014142 -0.01666666667 -0.02333333333)
(0.0131 -0.01333333333 -0.02333333333)
(0.014142 -0.01333333333 -0.02333333333)
(0.0131 -0.01 -0.02333333333)
(0.014142 -0.01 -0.02333333333)
(0.0131 -0.006666666667 -0.02333333333)
(0.014142 -0.006666666667 -0.02333333333)
(0.0131 -0.003333333333 -0.02333333333)
(0.014142 -0.003333333333 -0.02333333333)
(0.0131 0 -0.02333333333)
(0.014142 0 -0.02333333333)
(0.0131 0.003333333333 -0.02333333333)
(0.014142 0.003333333333 -0.02333333333)
(0.0131 0.006666666667 -0.02333333333)
(0.014142 0.006666666667 -0.02333333333)
(0.0131 0.01 -0.02333333333)
(0.014142 0.01 -0.02333333333)
(0.0131 0.01333333333 -0.02333333333)
(0.014142 0.01333333333 -0.02333333333)
(0.0131 0.01666666667 -0.02333333333)
(0.014142 0.01666666667 -0.02333333333)
(0.0131 0.02 -0.02333333333)
(0.014142 0.02 -0.02333333333)
(0.0131 -0.02 -0.02)
(0.014142 -0.02 -0.02)
(0.0131 -0.01666666667 -0.02)
(0.014142 -0.01666666667 -0.02)
(0.0131 -0.01333333333 -0.02)
(0.014142 -0.01333333333 -0.02)
(0.0131 -0.01 -0.02)
(0.014142 -0.01 -0.02)
(0.0131 -0.006666666667 -0.02)
(0.014142 -0.006666666667 -0.02)
(0.0131 -0.003333333333 -0.02)
(0.014142 -0.003333333333 -0.02)
(0.0131 0 -0.02)
(0.014142 0 -0.02)
(0.0131 0.003333333333 -0.02)
(0.014142 0.003333333333 -0.02)
(0.0131 0.006666666667 -0.02)
(0.014142 0.006666666667 -0.02)
(0.0131 0.01 -0.02)
(0.014142 0.01 -0.02)
(0.0131 0.01333333333 -0.02)
(0.014142 0.01333333333 -0.02)
(0.0131 0.01666666667 -0.02)
(0.014142 0.01666666667 -0.02)
(0.0131 0.02 -0.02)
(0.014142 0.02 -0.02)
(0.0131 -0.02 -0.01666666667)
(0.014142 -0.02 -0.01666666667)
(0.0131 -0.01666666667 -0.01666666667)
(0.014142 -0.01666666667 -0.01666666667)
(0.0131 -0.01333333333 -0.01666666667)
(0.014142 -0.01333333333 -0.01666666667)
(0.0131 -0.01 -0.01666666667)
(0.014142 -0.01 -0.01666666667)
(0.0131 -0.006666666667 -0.01666666667)
(0.014142 -0.006666666667 -0.01666666667)
(0.0131 -0.003333333333 -0.01666666667)
(0.014142 -0.003333333333 -0.01666666667)
(0.0131 0 -0.01666666667)
(0.014142 0 -0.01666666667)
(0.0131 0.003333333333 -0.01666666667)
(0.014142 0.003333333333 -0.01666666667)
(0.0131 0.006666666667 -0.01666666667)
(0.014142 0.006666666667 -0.01666666667)
(0.0131 0.01 -0.01666666667)
(0.014142 0.01 -0.01666666667)
(0.0131 0.01333333333 -0.01666666667)
(0.014142 0.01333333333 -0.01666666667)
(0.0131 0.01666666667 -0.01666666667)
(0.014142 0.01666666667 -0.01666666667)
(0.0131 0.02 -0.01666666667)
(0.014142 0.02 -0.01666666667)
(0.0131 -0.02 -0.01333333333)
(0.014142 -0.02 -0.01333333333)
(0.0131 -0.01666666667 -0.01333333333)
(0.014142 -0.01666666667 -0.01333333333)
(0.0131 -0.01333333333 -0.01333333333)
(0.014142 -0.01333333333 -0.01333333333)
(0.0131 -0.01 -0.01333333333)
(0.014142 -0.01 -0.01333333333)
(0.0131 -0.006666666667 -0.01333333333)
(0.014142 -0.006666666667 -0.01333333333)
(0.0131 -0.003333333333 -0.01333333333)
(0.014142 -0.003333333333 -0.01333333333)
(0.0131 0 -0.01333333333)
(0.014142 0 -0.01333333333)
(0.0131 0.003333333333 -0.01333333333)
(0.014142 0.003333333333 -0.01333333333)
(0.0131 0.006666666667 -0.01333333333)
(0.014142 0.006666666667 -0.01333333333)
(0.0131 0.01 -0.01333333333)
(0.014142 0.01 -0.01333333333)
(0.0131 0.01333333333 -0.01333333333)
(0.014142 0.01333333333 -0.01333333333)
(0.0131 0.01666666667 -0.01333333333)
(0.014142 0.01666666667 -0.01333333333)
(0.0131 0.02 -0.01333333333)
(0.014142 0.02 -0.01333333333)
(0.0131 -0.02 -0.01)
(0.014142 -0.02 -0.01)
(0.0131 -0.01666666667 -0.01)
(0.014142 -0.01666666667 -0.01)
(0.0131 -0.01333333333 -0.01)
(0.014142 -0.01333333333 -0.01)
(0.0131 -0.01 -0.01)
(0.014142 -0.01 -0.01)
(0.0131 -0.006666666667 -0.01)
(0.014142 -0.006666666667 -0.01)
(0.0131 -0.003333333333 -0.01)
(0.014142 -0.003333333333 -0.01)
(0.0131 0 -0.01)
(0.014142 0 -0.01)
(0.0131 0.003333333333 -0.01)
(0.014142 0.003333333333 -0.01)
(0.0131 0.006666666667 -0.01)
(0.014142 0.006666666667 -0.01)
(0.0131 0.01 -0.01)
(0.014142 0.01 -0.01)
(0.0131 0.01333333333 -0.01)
(0.014142 0.01333333333 -0.01)
(0.0131 0.01666666667 -0.01)
(0.014142 0.01666666667 -0.01)
(0.0131 0.02 -0.01)
(0.014142 0.02 -0.01)
(0.0131 -0.02 -0.006666666667)
(0.014142 -0.02 -0.006666666667)
(0.0131 -0.01666666667 -0.006666666667)
(0.014142 -0.01666666667 -0.006666666667)
(0.0131 -0.01333333333 -0.006666666667)
(0.014142 -0.01333333333 -0.006666666667)
(0.0131 -0.01 -0.006666666667)
(0.014142 -0.01 -0.006666666667)
(0.0131 -0.006666666667 -0.006666666667)
(0.014142 -0.006666666667 -0.006666666667)
(0.0131 -0.003333333333 -0.006666666667)
(0.014142 -0.003333333333 -0.006666666667)
(0.0131 0 -0.006666666667)
(0.014142 0 -0.006666666667)
(0.0131 0.003333333333 -0.006666666667)
(0.014142 0.003333333333 -0.006666666667)
(0.0131 0.006666666667 -0.006666666667)
(0.014142 0.006666666667 -0.006666666667)
(0.0131 0.01 -0.006666666667)
(0.014142 0.01 -0.006666666667)
(0.0131 0.01333333333 -0.006666666667)
(0.014142 0.01333333333 -0.006666666667)
(0.0131 0.01666666667 -0.006666666667)
(0.014142 0.01666666667 -0.006666666667)
(0.0131 0.02 -0.006666666667)
(0.014142 0.02 -0.006666666667)
(0.0131 -0.02 -0.003333333333)
(0.014142 -0.02 -0.003333333333)
(0.0131 -0.01666666667 -0.003333333333)
(0.014142 -0.01666666667 -0.003333333333)
(0.0131 -0.01333333333 -0.003333333333)
(0.014142 -0.01333333333 -0.003333333333)
(0.0131 -0.01 -0.003333333333)
(0.014142 -0.01 -0.003333333333)
(0.0131 -0.006666666667 -0.003333333333)
(0.014142 -0.006666666667 -0.003333333333)
(0.0131 -0.003333333333 -0.003333333333)
(0.014142 -0.003333333333 -0.003333333333)
(0.0131 0 -0.003333333333)
(0.014142 0 -0.003333333333)
(0.0131 0.003333333333 -0.003333333333)
(0.014142 0.003333333333 -0.003333333333)
(0.0131 0.006666666667 -0.003333333333)
(0.014142 0.006666666667 -0.003333333333)
(0.0131 0.01 -0.003333333333)
(0.014142 0.01 -0.003333333333)
(0.0131 0.01333333333 -0.003333333333)
(0.014142 0.01333333333 -0.003333333333)
(0.0131 0.01666666667 -0.003333333333)
(0.014142 0.01666666667 -0.003333333333)
(0.0131 0.02 -0.003333333333)
(0.014142 0.02 -0.003333333333)
(0.0131 -0.02 0)
(0.014142 -0.02 0)
(0.0131 -0.01666666667 0)
(0.014142 -0.01666666667 0)
(0.0131 -0.01333333333 0)
(0.014142 -0.01333333333 0)
(0.0131 -0.01 0)
(0.014142 -0.01 0)
(0.0131 -0.006666666667 0)
(0.014142 -0.006666666667 0)
(0.0131 -0.003333333333 0)
(0.014142 -0.003333333333 0)
(0.0131 0 0)
(0.014142 0 0)
(0.0131 0.003333333333 0)
(0.014142 0.003333333333 0)
(0.0131 0.006666666667 0)
(0.014142 0.006666666667 0)
(0.0131 0.01 0)
(0.014142 0.01 0)
(0.0131 0.01333333333 0)
(0.014142 0.01333333333 0)
(0.0131 0.01666666667 0)
(0.014142 0.01666666667 0)
(0.0131 0.02 0)
(0.014142 0.02 0)
(0.0131 -0.02 0.003333333333)
(0.014142 -0.02 0.003333333333)
(0.0131 -0.01666666667 0.003333333333)
(0.014142 -0.01666666667 0.003333333333)
(0.0131 -0.01333333333 0.003333333333)
(0.014142 -0.01333333333 0.003333333333)
(0.0131 -0.01 0.003333333333)
(0.014142 -0.01 0.003333333333)
(0.0131 -0.006666666667 0.003333333333)
(0.014142 -0.006666666667 0.003333333333)
(0.0131 -0.003333333333 0.003333333333)
(0.014142 -0.003333333333 0.003333333333)
(0.0131 0 0.003333333333)
(0.014142 0 0.003333333333)
(0.0131 0.003333333333 0.003333333333)
(0.014142 0.003333333333 0.003333333333)
(0.0131 0.006666666667 0.003333333333)
(0.014142 0.006666666667 0.003333333333)
(0.0131 0.01 0.003333333333)
(0.014142 0.01 0.003333333333)
(0.0131 0.01333333333 0.003333333333)
(0.014142 0.01333333333 0.003333333333)
(0.0131 0.01666666667 0.003333333333)
(0.014142 0.01666666667 0.003333333333)
(0.0131 0.02 0.003333333333)
(0.014142 0.02 0.003333333333)
(0.0131 -0.02 0.006666666667)
(0.014142 -0.02 0.006666666667)
(0.0131 -0.01666666667 0.006666666667)
(0.014142 -0.01666666667 0.006666666667)
(0.0131 -0.01333333333 0.006666666667)
(0.014142 -0.01333333333 0.006666666667)
(0.0131 -0.01 0.006666666667)
(0.014142 -0.01 0.006666666667)
(0.0131 -0.006666666667 0.006666666667)
(0.014142 -0.006666666667 0.006666666667)
(0.0131 -0.003333333333 0.006666666667)
(0.014142 -0.003333333333 0.006666666667)
(0.0131 0 0.006666666667)
(0.014142 0 0.006666666667)
(0.0131 0.003333333333 0.006666666667)
(0.014142 0.003333333333 0.006666666667)
(0.0131 0.006666666667 0.006666666667)
(0.014142 0.006666666667 0.006666666667)
(0.0131 0.01 0.006666666667)
(0.014142 0.01 0.006666666667)
(0.0131 0.01333333333 0.006666666667)
(0.014142 0.01333333333 0.006666666667)
(0.0131 0.01666666667 0.006666666667)
(0.014142 0.01666666667 0.006666666667)
(0.0131 0.02 0.006666666667)
(0.014142 0.02 0.006666666667)
(0.0131 -0.02 0.01)
(0.014142 -0.02 0.01)
(0.0131 -0.01666666667 0.01)
(0.014142 -0.01666666667 0.01)
(0.0131 -0.01333333333 0.01)
(0.014142 -0.01333333333 0.01)
(0.0131 -0.01 0.01)
(0.014142 -0.01 0.01)
(0.0131 -0.006666666667 0.01)
(0.014142 -0.006666666667 0.01)
(0.0131 -0.003333333333 0.01)
(0.014142 -0.003333333333 0.01)
(0.0131 0 0.01)
(0.014142 0 0.01)
(0.0131 0.003333333333 0.01)
(0.014142 0.003333333333 0.01)
(0.0131 0.006666666667 0.01)
(0.014142 0.006666666667 0.01)
(0.0131 0.01 0.01)
(0.014142 0.01 0.01)
(0.0131 0.01333333333 0.01)
(0.014142 0.01333333333 0.01)
(0.0131 0.01666666667 0.01)
(0.014142 0.01666666667 0.01)
(0.0131 0.02 0.01)
(0.014142 0.02 0.01)
(0.0131 -0.02 0.01333333333)
(0.014142 -0.02 0.01333333333)
(0.0131 -0.01666666667 0.01333333333)
(0.014142 -0.01666666667 0.01333333333)
(0.0131 -0.01333333333 0.01333333333)
(0.014142 -0.01333333333 0.01333333333)
(0.0131 -0.01 0.01333333333)
(0.014142 -0.01 0.01333333333)
(0.0131 -0.006666666667 0.01333333333)
(0.014142 -0.006666666667 0.01333333333)
(0.0131 -0.003333333333 0.01333333333)
(0.014142 -0.003333333333 0.01333333333)
(0.0131 0 0.01333333333)
(0.014142 0 0.01333333333)
(0.0131 0.003333333333 0.01333333333)
(0.014142 0.003333333333 0.01333333333)
(0.0131 0.006666666667 0.01333333333)
(0.014142 0.006666666667 0.01333333333)
(0.0131 0.01 0.01333333333)
(0.014142 0.01 0.01333333333)
(0.0131 0.01333333333 0.01333333333)
(0.014142 0.01333333333 0.01333333333)
(0.0131 0.01666666667 0.01333333333)
(0.014142 0.01666666667 0.01333333333)
(0.0131 0.02 0.01333333333)
(0.014142 0.02 0.01333333333)
(0.0131 -0.02 0.01666666667)
(0.014142 -0.02 0.01666666667)
(0.0131 -0.01666666667 0.01666666667)
(0.014142 -0.01666666667 0.01666666667)
(0.0131 -0.01333333333 0.01666666667)
(0.014142 -0.01333333333 0.01666666667)
(0.0131 -0.01 0.01666666667)
(0.014142 -0.01 0.01666666667)
(0.0131 -0.006666666667 0.01666666667)
(0.014142 -0.006666666667 0.01666666667)
(0.0131 -0.003333333333 0.01666666667)
(0.014142 -0.003333333333 0.01666666667)
(0.0131 0 0.01666666667)
(0.014142 0 0.01666666667)
(0.0131 0.003333333333 0.01666666667)
(0.014142 0.003333333333 0.01666666667)
(0.0131 0.006666666667 0.01666666667)
(0.014142 0.006666666667 0.01666666667)
(0.0131 0.01 0.01666666667)
(0.014142 0.01 0.01666666667)
(0.0131 0.01333333333 0.01666666667)
(0.014142 0.01333333333 0.01666666667)
(0.0131 0.01666666667 0.01666666667)
(0.014142 0.01666666667 0.01666666667)
(0.0131 0.02 0.01666666667)
(0.014142 0.02 0.01666666667)
(0.0131 -0.02 0.02)
(0.014142 -0.02 0.02)
(0.0131 -0.01666666667 0.02)
(0.014142 -0.01666666667 0.02)
(0.0131 -0.01333333333 0.02)
(0.014142 -0.01333333333 0.02)
(0.0131 -0.01 0.02)
(0.014142 -0.01 0.02)
(0.0131 -0.006666666667 0.02)
(0.014142 -0.006666666667 0.02)
(0.0131 -0.003333333333 0.02)
(0.014142 -0.003333333333 0.02)
(0.0131 0 0.02)
(0.014142 0 0.02)
(0.0131 0.003333333333 0.02)
(0.014142 0.003333333333 0.02)
(0.0131 0.006666666667 0.02)
(0.014142 0.006666666667 0.02)
(0.0131 0.01 0.02)
(0.014142 0.01 0.02)
(0.0131 0.01333333333 0.02)
(0.014142 0.01333333333 0.02)
(0.0131 0.01666666667 0.02)
(0.014142 0.01666666667 0.02)
(0.0131 0.02 0.02)
(0.014142 0.02 0.02)
(0.0131 -0.02 0.02333333333)
(0.014142 -0.02 0.02333333333)
(0.0131 -0.01666666667 0.02333333333)
(0.014142 -0.01666666667 0.02333333333)
(0.0131 -0.01333333333 0.02333333333)
(0.014142 -0.01333333333 0.02333333333)
(0.0131 -0.01 0.02333333333)
(0.014142 -0.01 0.02333333333)
(0.0131 -0.006666666667 0.02333333333)
(0.014142 -0.006666666667 0.02333333333)
(0.0131 -0.003333333333 0.02333333333)
(0.014142 -0.003333333333 0.02333333333)
(0.0131 0 0.02333333333)
(0.014142 0 0.02333333333)
(0.0131 0.003333333333 0.02333333333)
(0.014142 0.003333333333 0.02333333333)
(0.0131 0.006666666667 0.02333333333)
(0.014142 0.006666666667 0.02333333333)
(0.0131 0.01 0.02333333333)
(0.014142 0.01 0.02333333333)
(0.0131 0.01333333333 0.02333333333)
(0.014142 0.01333333333 0.02333333333)
(0.0131 0.01666666667 0.02333333333)
(0.014142 0.01666666667 0.02333333333)
(0.0131 0.02 0.02333333333)
(0.014142 0.02 0.02333333333)
(0.0131 -0.02 0.02666666667)
(0.014142 -0.02 0.02666666667)
(0.0131 -0.01666666667 0.02666666667)
(0.014142 -0.01666666667 0.02666666667)
(0.0131 -0.01333333333 0.02666666667)
(0.014142 -0.01333333333 0.02666666667)
(0.0131 -0.01 0.02666666667)
(0.014142 -0.01 0.02666666667)
(0.0131 -0.006666666667 0.02666666667)
(0.014142 -0.006666666667 0.02666666667)
(0.0131 -0.003333333333 0.02666666667)
(0.014142 -0.003333333333 0.02666666667)
(0.0131 0 0.02666666667)
(0.014142 0 0.02666666667)
(0.0131 0.003333333333 0.02666666667)
(0.014142 0.003333333333 0.02666666667)
(0.0131 0.006666666667 0.02666666667)
(0.014142 0.006666666667 0.02666666667)
(0.0131 0.01 0.02666666667)
(0.014142 0.01 0.02666666667)
(0.0131 0.01333333333 0.02666666667)
(0.014142 0.01333333333 0.02666666667)
(0.0131 0.01666666667 0.02666666667)
(0.014142 0.01666666667 0.02666666667)
(0.0131 0.02 0.02666666667)
(0.014142 0.02 0.02666666667)
(0.0131 -0.02 0.03)
(0.014142 -0.02 0.03)
(0.0131 -0.01666666667 0.03)
(0.014142 -0.01666666667 0.03)
(0.0131 -0.01333333333 0.03)
(0.014142 -0.01333333333 0.03)
(0.0131 -0.01 0.03)
(0.014142 -0.01 0.03)
(0.0131 -0.006666666667 0.03)
(0.014142 -0.006666666667 0.03)
(0.0131 -0.003333333333 0.03)
(0.014142 -0.003333333333 0.03)
(0.0131 0 0.03)
(0.014142 0 0.03)
(0.0131 0.003333333333 0.03)
(0.014142 0.003333333333 0.03)
(0.0131 0.006666666667 0.03)
(0.014142 0.006666666667 0.03)
(0.0131 0.01 0.03)
(0.014142 0.01 0.03)
(0.0131 0.01333333333 0.03)
(0.014142 0.01333333333 0.03)
(0.0131 0.01666666667 0.03)
(0.014142 0.01666666667 0.03)
(0.0131 0.02 0.03)
(0.014142 0.02 0.03)
(0.0131 -0.02 0.03333333333)
(0.014142 -0.02 0.03333333333)
(0.0131 -0.01666666667 0.03333333333)
(0.014142 -0.01666666667 0.03333333333)
(0.0131 -0.01333333333 0.03333333333)
(0.014142 -0.01333333333 0.03333333333)
(0.0131 -0.01 0.03333333333)
(0.014142 -0.01 0.03333333333)
(0.0131 -0.006666666667 0.03333333333)
(0.014142 -0.006666666667 0.03333333333)
(0.0131 -0.003333333333 0.03333333333)
(0.014142 -0.003333333333 0.03333333333)
(0.0131 0 0.03333333333)
(0.014142 0 0.03333333333)
(0.0131 0.003333333333 0.03333333333)
(0.014142 0.003333333333 0.03333333333)
(0.0131 0.006666666667 0.03333333333)
(0.014142 0.006666666667 0.03333333333)
(0.0131 0.01 0.03333333333)
(0.014142 0.01 0.03333333333)
(0.0131 0.01333333333 0.03333333333)
(0.014142 0.01333333333 0.03333333333)
(0.0131 0.01666666667 0.03333333333)
(0.014142 0.01666666667 0.03333333333)
(0.0131 0.02 0.03333333333)
(0.014142 0.02 0.03333333333)
(0.0131 -0.02 0.03666666667)
(0.014142 -0.02 0.03666666667)
(0.0131 -0.01666666667 0.03666666667)
(0.014142 -0.01666666667 0.03666666667)
(0.0131 -0.01333333333 0.03666666667)
(0.014142 -0.01333333333 0.03666666667)
(0.0131 -0.01 0.03666666667)
(0.014142 -0.01 0.03666666667)
(0.0131 -0.006666666667 0.03666666667)
(0.014142 -0.006666666667 0.03666666667)
(0.0131 -0.003333333333 0.03666666667)
(0.014142 -0.003333333333 0.03666666667)
(0.0131 0 0.03666666667)
(0.014142 0 0.03666666667)
(0.0131 0.003333333333 0.03666666667)
(0.014142 0.003333333333 0.03666666667)
(0.0131 0.006666666667 0.03666666667)
(0.014142 0.006666666667 0.03666666667)
(0.0131 0.01 0.03666666667)
(0.014142 0.01 0.03666666667)
(0.0131 0.01333333333 0.03666666667)
(0.014142 0.01333333333 0.03666666667)
(0.0131 0.01666666667 0.03666666667)
(0.014142 0.01666666667 0.03666666667)
(0.0131 0.02 0.03666666667)
(0.014142 0.02 0.03666666667)
(0.0131 -0.02 0.04)
(0.014142 -0.02 0.04)
(0.0131 -0.01666666667 0.04)
(0.014142 -0.01666666667 0.04)
(0.0131 -0.01333333333 0.04)
(0.014142 -0.01333333333 0.04)
(0.0131 -0.01 0.04)
(0.014142 -0.01 0.04)
(0.0131 -0.006666666667 0.04)
(0.014142 -0.006666666667 0.04)
(0.0131 -0.003333333333 0.04)
(0.014142 -0.003333333333 0.04)
(0.0131 0 0.04)
(0.014142 0 0.04)
(0.0131 0.003333333333 0.04)
(0.014142 0.003333333333 0.04)
(0.0131 0.006666666667 0.04)
(0.014142 0.006666666667 0.04)
(0.0131 0.01 0.04)
(0.014142 0.01 0.04)
(0.0131 0.01333333333 0.04)
(0.014142 0.01333333333 0.04)
(0.0131 0.01666666667 0.04)
(0.014142 0.01666666667 0.04)
(0.0131 0.02 0.04)
(0.014142 0.02 0.04)
(0.0131 -0.02 0.04333333333)
(0.014142 -0.02 0.04333333333)
(0.0131 -0.01666666667 0.04333333333)
(0.014142 -0.01666666667 0.04333333333)
(0.0131 -0.01333333333 0.04333333333)
(0.014142 -0.01333333333 0.04333333333)
(0.0131 -0.01 0.04333333333)
(0.014142 -0.01 0.04333333333)
(0.0131 -0.006666666667 0.04333333333)
(0.014142 -0.006666666667 0.04333333333)
(0.0131 -0.003333333333 0.04333333333)
(0.014142 -0.003333333333 0.04333333333)
(0.0131 0 0.04333333333)
(0.014142 0 0.04333333333)
(0.0131 0.003333333333 0.04333333333)
(0.014142 0.003333333333 0.04333333333)
(0.0131 0.006666666667 0.04333333333)
(0.014142 0.006666666667 0.04333333333)
(0.0131 0.01 0.04333333333)
(0.014142 0.01 0.04333333333)
(0.0131 0.01333333333 0.04333333333)
(0.014142 0.01333333333 0.04333333333)
(0.0131 0.01666666667 0.04333333333)
(0.014142 0.01666666667 0.04333333333)
(0.0131 0.02 0.04333333333)
(0.014142 0.02 0.04333333333)
(0.0131 -0.02 0.04666666667)
(0.014142 -0.02 0.04666666667)
(0.0131 -0.01666666667 0.04666666667)
(0.014142 -0.01666666667 0.04666666667)
(0.0131 -0.01333333333 0.04666666667)
(0.014142 -0.01333333333 0.04666666667)
(0.0131 -0.01 0.04666666667)
(0.014142 -0.01 0.04666666667)
(0.0131 -0.006666666667 0.04666666667)
(0.014142 -0.006666666667 0.04666666667)
(0.0131 -0.003333333333 0.04666666667)
(0.014142 -0.003333333333 0.04666666667)
(0.0131 0 0.04666666667)
(0.014142 0 0.04666666667)
(0.0131 0.003333333333 0.04666666667)
(0.014142 0.003333333333 0.04666666667)
(0.0131 0.006666666667 0.04666666667)
(0.014142 0.006666666667 0.04666666667)
(0.0131 0.01 0.04666666667)
(0.014142 0.01 0.04666666667)
(0.0131 0.01333333333 0.04666666667)
(0.014142 0.01333333333 0.04666666667)
(0.0131 0.01666666667 0.04666666667)
(0.014142 0.01666666667 0.04666666667)
(0.0131 0.02 0.04666666667)
(0.014142 0.02 0.04666666667)
(0.0131 -0.02 0.05)
(0.014142 -0.02 0.05)
(0.0131 -0.01666666667 0.05)
(0.014142 -0.01666666667 0.05)
(0.0131 -0.01333333333 0.05)
(0.014142 -0.01333333333 0.05)
(0.0131 -0.01 0.05)
(0.014142 -0.01 0.05)
(0.0131 -0.006666666667 0.05)
(0.014142 -0.006666666667 0.05)
(0.0131 -0.003333333333 0.05)
(0.014142 -0.003333333333 0.05)
(0.0131 0 0.05)
(0.014142 0 0.05)
(0.0131 0.003333333333 0.05)
(0.014142 0.003333333333 0.05)
(0.0131 0.006666666667 0.05)
(0.014142 0.006666666667 0.05)
(0.0131 0.01 0.05)
(0.014142 0.01 0.05)
(0.0131 0.01333333333 0.05)
(0.014142 0.01333333333 0.05)
(0.0131 0.01666666667 0.05)
(0.014142 0.01666666667 0.05)
(0.0131 0.02 0.05)
(0.014142 0.02 0.05)
(0.0131 -0.02 0.05333333333)
(0.014142 -0.02 0.05333333333)
(0.0131 -0.01666666667 0.05333333333)
(0.014142 -0.01666666667 0.05333333333)
(0.0131 -0.01333333333 0.05333333333)
(0.014142 -0.01333333333 0.05333333333)
(0.0131 -0.01 0.05333333333)
(0.014142 -0.01 0.05333333333)
(0.0131 -0.006666666667 0.05333333333)
(0.014142 -0.006666666667 0.05333333333)
(0.0131 -0.003333333333 0.05333333333)
(0.014142 -0.003333333333 0.05333333333)
(0.0131 0 0.05333333333)
(0.014142 0 0.05333333333)
(0.0131 0.003333333333 0.05333333333)
(0.014142 0.003333333333 0.05333333333)
(0.0131 0.006666666667 0.05333333333)
(0.014142 0.006666666667 0.05333333333)
(0.0131 0.01 0.05333333333)
(0.014142 0.01 0.05333333333)
(0.0131 0.01333333333 0.05333333333)
(0.014142 0.01333333333 0.05333333333)
(0.0131 0.01666666667 0.05333333333)
(0.014142 0.01666666667 0.05333333333)
(0.0131 0.02 0.05333333333)
(0.014142 0.02 0.05333333333)
(0.0131 -0.02 0.05666666667)
(0.014142 -0.02 0.05666666667)
(0.0131 -0.01666666667 0.05666666667)
(0.014142 -0.01666666667 0.05666666667)
(0.0131 -0.01333333333 0.05666666667)
(0.014142 -0.01333333333 0.05666666667)
(0.0131 -0.01 0.05666666667)
(0.014142 -0.01 0.05666666667)
(0.0131 -0.006666666667 0.05666666667)
(0.014142 -0.006666666667 0.05666666667)
(0.0131 -0.003333333333 0.05666666667)
(0.014142 -0.003333333333 0.05666666667)
(0.0131 0 0.05666666667)
(0.014142 0 0.05666666667)
(0.0131 0.003333333333 0.05666666667)
(0.014142 0.003333333333 0.05666666667)
(0.0131 0.006666666667 0.05666666667)
(0.014142 0.006666666667 0.05666666667)
(0.0131 0.01 0.05666666667)
(0.014142 0.01 0.05666666667)
(0.0131 0.01333333333 0.05666666667)
(0.014142 0.01333333333 0.05666666667)
(0.0131 0.01666666667 0.05666666667)
(0.014142 0.01666666667 0.05666666667)
(0.0131 0.02 0.05666666667)
(0.014142 0.02 0.05666666667)
(0.0131 -0.02 0.06)
(0.014142 -0.02 0.06)
(0.0131 -0.01666666667 0.06)
(0.014142 -0.01666666667 0.06)
(0.0131 -0.01333333333 0.06)
(0.014142 -0.01333333333 0.06)
(0.0131 -0.01 0.06)
(0.014142 -0.01 0.06)
(0.0131 -0.006666666667 0.06)
(0.014142 -0.006666666667 0.06)
(0.0131 -0.003333333333 0.06)
(0.014142 -0.003333333333 0.06)
(0.0131 0 0.06)
(0.014142 0 0.06)
(0.0131 0.003333333333 0.06)
(0.014142 0.003333333333 0.06)
(0.0131 0.006666666667 0.06)
(0.014142 0.006666666667 0.06)
(0.0131 0.01 0.06)
(0.014142 0.01 0.06)
(0.0131 0.01333333333 0.06)
(0.014142 0.01333333333 0.06)
(0.0131 0.01666666667 0.06)
(0.014142 0.01666666667 0.06)
(0.0131 0.02 0.06)
(0.014142 0.02 0.06)
(0.0131 -0.02 0.06333333333)
(0.014142 -0.02 0.06333333333)
(0.0131 -0.01666666667 0.06333333333)
(0.014142 -0.01666666667 0.06333333333)
(0.0131 -0.01333333333 0.06333333333)
(0.014142 -0.01333333333 0.06333333333)
(0.0131 -0.01 0.06333333333)
(0.014142 -0.01 0.06333333333)
(0.0131 -0.006666666667 0.06333333333)
(0.014142 -0.006666666667 0.06333333333)
(0.0131 -0.003333333333 0.06333333333)
(0.014142 -0.003333333333 0.06333333333)
(0.0131 0 0.06333333333)
(0.014142 0 0.06333333333)
(0.0131 0.003333333333 0.06333333333)
(0.014142 0.003333333333 0.06333333333)
(0.0131 0.006666666667 0.06333333333)
(0.014142 0.006666666667 0.06333333333)
(0.0131 0.01 0.06333333333)
(0.014142 0.01 0.06333333333)
(0.0131 0.01333333333 0.06333333333)
(0.014142 0.01333333333 0.06333333333)
(0.0131 0.01666666667 0.06333333333)
(0.014142 0.01666666667 0.06333333333)
(0.0131 0.02 0.06333333333)
(0.014142 0.02 0.06333333333)
(0.0131 -0.02 0.06666666667)
(0.014142 -0.02 0.06666666667)
(0.0131 -0.01666666667 0.06666666667)
(0.014142 -0.01666666667 0.06666666667)
(0.0131 -0.01333333333 0.06666666667)
(0.014142 -0.01333333333 0.06666666667)
(0.0131 -0.01 0.06666666667)
(0.014142 -0.01 0.06666666667)
(0.0131 -0.006666666667 0.06666666667)
(0.014142 -0.006666666667 0.06666666667)
(0.0131 -0.003333333333 0.06666666667)
(0.014142 -0.003333333333 0.06666666667)
(0.0131 0 0.06666666667)
(0.014142 0 0.06666666667)
(0.0131 0.003333333333 0.06666666667)
(0.014142 0.003333333333 0.06666666667)
(0.0131 0.006666666667 0.06666666667)
(0.014142 0.006666666667 0.06666666667)
(0.0131 0.01 0.06666666667)
(0.014142 0.01 0.06666666667)
(0.0131 0.01333333333 0.06666666667)
(0.014142 0.01333333333 0.06666666667)
(0.0131 0.01666666667 0.06666666667)
(0.014142 0.01666666667 0.06666666667)
(0.0131 0.02 0.06666666667)
(0.014142 0.02 0.06666666667)
(0.0131 -0.02 0.07)
(0.014142 -0.02 0.07)
(0.0131 -0.01666666667 0.07)
(0.014142 -0.01666666667 0.07)
(0.0131 -0.01333333333 0.07)
(0.014142 -0.01333333333 0.07)
(0.0131 -0.01 0.07)
(0.014142 -0.01 0.07)
(0.0131 -0.006666666667 0.07)
(0.014142 -0.006666666667 0.07)
(0.0131 -0.003333333333 0.07)
(0.014142 -0.003333333333 0.07)
(0.0131 0 0.07)
(0.014142 0 0.07)
(0.0131 0.003333333333 0.07)
(0.014142 0.003333333333 0.07)
(0.0131 0.006666666667 0.07)
(0.014142 0.006666666667 0.07)
(0.0131 0.01 0.07)
(0.014142 0.01 0.07)
(0.0131 0.01333333333 0.07)
(0.014142 0.01333333333 0.07)
(0.0131 0.01666666667 0.07)
(0.014142 0.01666666667 0.07)
(0.0131 0.02 0.07)
(0.014142 0.02 0.07)
(0.0131 -0.02 0.07333333333)
(0.014142 -0.02 0.07333333333)
(0.0131 -0.01666666667 0.07333333333)
(0.014142 -0.01666666667 0.07333333333)
(0.0131 -0.01333333333 0.07333333333)
(0.014142 -0.01333333333 0.07333333333)
(0.0131 -0.01 0.07333333333)
(0.014142 -0.01 0.07333333333)
(0.0131 -0.006666666667 0.07333333333)
(0.014142 -0.006666666667 0.07333333333)
(0.0131 -0.003333333333 0.07333333333)
(0.014142 -0.003333333333 0.07333333333)
(0.0131 0 0.07333333333)
(0.014142 0 0.07333333333)
(0.0131 0.003333333333 0.07333333333)
(0.014142 0.003333333333 0.07333333333)
(0.0131 0.006666666667 0.07333333333)
(0.014142 0.006666666667 0.07333333333)
(0.0131 0.01 0.07333333333)
(0.014142 0.01 0.07333333333)
(0.0131 0.01333333333 0.07333333333)
(0.014142 0.01333333333 0.07333333333)
(0.0131 0.01666666667 0.07333333333)
(0.014142 0.01666666667 0.07333333333)
(0.0131 0.02 0.07333333333)
(0.014142 0.02 0.07333333333)
(0.0131 -0.02 0.07666666667)
(0.014142 -0.02 0.07666666667)
(0.0131 -0.01666666667 0.07666666667)
(0.014142 -0.01666666667 0.07666666667)
(0.0131 -0.01333333333 0.07666666667)
(0.014142 -0.01333333333 0.07666666667)
(0.0131 -0.01 0.07666666667)
(0.014142 -0.01 0.07666666667)
(0.0131 -0.006666666667 0.07666666667)
(0.014142 -0.006666666667 0.07666666667)
(0.0131 -0.003333333333 0.07666666667)
(0.014142 -0.003333333333 0.07666666667)
(0.0131 0 0.07666666667)
(0.014142 0 0.07666666667)
(0.0131 0.003333333333 0.07666666667)
(0.014142 0.003333333333 0.07666666667)
(0.0131 0.006666666667 0.07666666667)
(0.014142 0.006666666667 0.07666666667)
(0.0131 0.01 0.07666666667)
(0.014142 0.01 0.07666666667)
(0.0131 0.01333333333 0.07666666667)
(0.014142 0.01333333333 0.07666666667)
(0.0131 0.01666666667 0.07666666667)
(0.014142 0.01666666667 0.07666666667)
(0.0131 0.02 0.07666666667)
(0.014142 0.02 0.07666666667)
(0.0131 -0.02 0.08)
(0.014142 -0.02 0.08)
(0.0131 -0.01666666667 0.08)
(0.014142 -0.01666666667 0.08)
(0.0131 -0.01333333333 0.08)
(0.014142 -0.01333333333 0.08)
(0.0131 -0.01 0.08)
(0.014142 -0.01 0.08)
(0.0131 -0.006666666667 0.08)
(0.014142 -0.006666666667 0.08)
(0.0131 -0.003333333333 0.08)
(0.014142 -0.003333333333 0.08)
(0.0131 0 0.08)
(0.014142 0 0.08)
(0.0131 0.003333333333 0.08)
(0.014142 0.003333333333 0.08)
(0.0131 0.006666666667 0.08)
(0.014142 0.006666666667 0.08)
(0.0131 0.01 0.08)
(0.014142 0.01 0.08)
(0.0131 0.01333333333 0.08)
(0.014142 0.01333333333 0.08)
(0.0131 0.01666666667 0.08)
(0.014142 0.01666666667 0.08)
(0.0131 0.02 0.08)
(0.014142 0.02 0.08)
(0.0131 -0.02 0.08333333333)
(0.014142 -0.02 0.08333333333)
(0.0131 -0.01666666667 0.08333333333)
(0.014142 -0.01666666667 0.08333333333)
(0.0131 -0.01333333333 0.08333333333)
(0.014142 -0.01333333333 0.08333333333)
(0.0131 -0.01 0.08333333333)
(0.014142 -0.01 0.08333333333)
(0.0131 -0.006666666667 0.08333333333)
(0.014142 -0.006666666667 0.08333333333)
(0.0131 -0.003333333333 0.08333333333)
(0.014142 -0.003333333333 0.08333333333)
(0.0131 0 0.08333333333)
(0.014142 0 0.08333333333)
(0.0131 0.003333333333 0.08333333333)
(0.014142 0.003333333333 0.08333333333)
(0.0131 0.006666666667 0.08333333333)
(0.014142 0.006666666667 0.08333333333)
(0.0131 0.01 0.08333333333)
(0.014142 0.01 0.08333333333)
(0.0131 0.01333333333 0.08333333333)
(0.014142 0.01333333333 0.08333333333)
(0.0131 0.01666666667 0.08333333333)
(0.014142 0.01666666667 0.08333333333)
(0.0131 0.02 0.08333333333)
(0.014142 0.02 0.08333333333)
(0.0131 -0.02 0.08666666667)
(0.014142 -0.02 0.08666666667)
(0.0131 -0.01666666667 0.08666666667)
(0.014142 -0.01666666667 0.08666666667)
(0.0131 -0.01333333333 0.08666666667)
(0.014142 -0.01333333333 0.08666666667)
(0.0131 -0.01 0.08666666667)
(0.014142 -0.01 0.08666666667)
(0.0131 -0.006666666667 0.08666666667)
(0.014142 -0.006666666667 0.08666666667)
(0.0131 -0.003333333333 0.08666666667)
(0.014142 -0.003333333333 0.08666666667)
(0.0131 0 0.08666666667)
(0.014142 0 0.08666666667)
(0.0131 0.003333333333 0.08666666667)
(0.014142 0.003333333333 0.08666666667)
(0.0131 0.006666666667 0.08666666667)
(0.014142 0.006666666667 0.08666666667)
(0.0131 0.01 0.08666666667)
(0.014142 0.01 0.08666666667)
(0.0131 0.01333333333 0.08666666667)
(0.014142 0.01333333333 0.08666666667)
(0.0131 0.01666666667 0.08666666667)
(0.014142 0.01666666667 0.08666666667)
(0.0131 0.02 0.08666666667)
(0.014142 0.02 0.08666666667)
(0.0131 -0.02 0.09)
(0.014142 -0.02 0.09)
(0.0131 -0.01666666667 0.09)
(0.014142 -0.01666666667 0.09)
(0.0131 -0.01333333333 0.09)
(0.014142 -0.01333333333 0.09)
(0.0131 -0.01 0.09)
(0.014142 -0.01 0.09)
(0.0131 -0.006666666667 0.09)
(0.014142 -0.006666666667 0.09)
(0.0131 -0.003333333333 0.09)
(0.014142 -0.003333333333 0.09)
(0.0131 0 0.09)
(0.014142 0 0.09)
(0.0131 0.003333333333 0.09)
(0.014142 0.003333333333 0.09)
(0.0131 0.006666666667 0.09)
(0.014142 0.006666666667 0.09)
(0.0131 0.01 0.09)
(0.014142 0.01 0.09)
(0.0131 0.01333333333 0.09)
(0.014142 0.01333333333 0.09)
(0.0131 0.01666666667 0.09)
(0.014142 0.01666666667 0.09)
(0.0131 0.02 0.09)
(0.014142 0.02 0.09)
(0.0131 -0.02 0.09333333333)
(0.014142 -0.02 0.09333333333)
(0.0131 -0.01666666667 0.09333333333)
(0.014142 -0.01666666667 0.09333333333)
(0.0131 -0.01333333333 0.09333333333)
(0.014142 -0.01333333333 0.09333333333)
(0.0131 -0.01 0.09333333333)
(0.014142 -0.01 0.09333333333)
(0.0131 -0.006666666667 0.09333333333)
(0.014142 -0.006666666667 0.09333333333)
(0.0131 -0.003333333333 0.09333333333)
(0.014142 -0.003333333333 0.09333333333)
(0.0131 0 0.09333333333)
(0.014142 0 0.09333333333)
(0.0131 0.003333333333 0.09333333333)
(0.014142 0.003333333333 0.09333333333)
(0.0131 0.006666666667 0.09333333333)
(0.014142 0.006666666667 0.09333333333)
(0.0131 0.01 0.09333333333)
(0.014142 0.01 0.09333333333)
(0.0131 0.01333333333 0.09333333333)
(0.014142 0.01333333333 0.09333333333)
(0.0131 0.01666666667 0.09333333333)
(0.014142 0.01666666667 0.09333333333)
(0.0131 0.02 0.09333333333)
(0.014142 0.02 0.09333333333)
(0.0131 -0.02 0.09666666667)
(0.014142 -0.02 0.09666666667)
(0.0131 -0.01666666667 0.09666666667)
(0.014142 -0.01666666667 0.09666666667)
(0.0131 -0.01333333333 0.09666666667)
(0.014142 -0.01333333333 0.09666666667)
(0.0131 -0.01 0.09666666667)
(0.014142 -0.01 0.09666666667)
(0.0131 -0.006666666667 0.09666666667)
(0.014142 -0.006666666667 0.09666666667)
(0.0131 -0.003333333333 0.09666666667)
(0.014142 -0.003333333333 0.09666666667)
(0.0131 0 0.09666666667)
(0.014142 0 0.09666666667)
(0.0131 0.003333333333 0.09666666667)
(0.014142 0.003333333333 0.09666666667)
(0.0131 0.006666666667 0.09666666667)
(0.014142 0.006666666667 0.09666666667)
(0.0131 0.01 0.09666666667)
(0.014142 0.01 0.09666666667)
(0.0131 0.01333333333 0.09666666667)
(0.014142 0.01333333333 0.09666666667)
(0.0131 0.01666666667 0.09666666667)
(0.014142 0.01666666667 0.09666666667)
(0.0131 0.02 0.09666666667)
(0.014142 0.02 0.09666666667)
(0.0131 -0.02 0.1)
(0.014142 -0.02 0.1)
(0.0131 -0.01666666667 0.1)
(0.014142 -0.01666666667 0.1)
(0.0131 -0.01333333333 0.1)
(0.014142 -0.01333333333 0.1)
(0.0131 -0.01 0.1)
(0.014142 -0.01 0.1)
(0.0131 -0.006666666667 0.1)
(0.014142 -0.006666666667 0.1)
(0.0131 -0.003333333333 0.1)
(0.014142 -0.003333333333 0.1)
(0.0131 0 0.1)
(0.014142 0 0.1)
(0.0131 0.003333333333 0.1)
(0.014142 0.003333333333 0.1)
(0.0131 0.006666666667 0.1)
(0.014142 0.006666666667 0.1)
(0.0131 0.01 0.1)
(0.014142 0.01 0.1)
(0.0131 0.01333333333 0.1)
(0.014142 0.01333333333 0.1)
(0.0131 0.01666666667 0.1)
(0.014142 0.01666666667 0.1)
(0.0131 0.02 0.1)
(0.014142 0.02 0.1)
(0.0131 -0.02 0.1033333333)
(0.014142 -0.02 0.1033333333)
(0.0131 -0.01666666667 0.1033333333)
(0.014142 -0.01666666667 0.1033333333)
(0.0131 -0.01333333333 0.1033333333)
(0.014142 -0.01333333333 0.1033333333)
(0.0131 -0.01 0.1033333333)
(0.014142 -0.01 0.1033333333)
(0.0131 -0.006666666667 0.1033333333)
(0.014142 -0.006666666667 0.1033333333)
(0.0131 -0.003333333333 0.1033333333)
(0.014142 -0.003333333333 0.1033333333)
(0.0131 0 0.1033333333)
(0.014142 0 0.1033333333)
(0.0131 0.003333333333 0.1033333333)
(0.014142 0.003333333333 0.1033333333)
(0.0131 0.006666666667 0.1033333333)
(0.014142 0.006666666667 0.1033333333)
(0.0131 0.01 0.1033333333)
(0.014142 0.01 0.1033333333)
(0.0131 0.01333333333 0.1033333333)
(0.014142 0.01333333333 0.1033333333)
(0.0131 0.01666666667 0.1033333333)
(0.014142 0.01666666667 0.1033333333)
(0.0131 0.02 0.1033333333)
(0.014142 0.02 0.1033333333)
(0.0131 -0.02 0.1066666667)
(0.014142 -0.02 0.1066666667)
(0.0131 -0.01666666667 0.1066666667)
(0.014142 -0.01666666667 0.1066666667)
(0.0131 -0.01333333333 0.1066666667)
(0.014142 -0.01333333333 0.1066666667)
(0.0131 -0.01 0.1066666667)
(0.014142 -0.01 0.1066666667)
(0.0131 -0.006666666667 0.1066666667)
(0.014142 -0.006666666667 0.1066666667)
(0.0131 -0.003333333333 0.1066666667)
(0.014142 -0.003333333333 0.1066666667)
(0.0131 0 0.1066666667)
(0.014142 0 0.1066666667)
(0.0131 0.003333333333 0.1066666667)
(0.014142 0.003333333333 0.1066666667)
(0.0131 0.006666666667 0.1066666667)
(0.014142 0.006666666667 0.1066666667)
(0.0131 0.01 0.1066666667)
(0.014142 0.01 0.1066666667)
(0.0131 0.01333333333 0.1066666667)
(0.014142 0.01333333333 0.1066666667)
(0.0131 0.01666666667 0.1066666667)
(0.014142 0.01666666667 0.1066666667)
(0.0131 0.02 0.1066666667)
(0.014142 0.02 0.1066666667)
(0.0131 -0.02 0.11)
(0.014142 -0.02 0.11)
(0.0131 -0.01666666667 0.11)
(0.014142 -0.01666666667 0.11)
(0.0131 -0.01333333333 0.11)
(0.014142 -0.01333333333 0.11)
(0.0131 -0.01 0.11)
(0.014142 -0.01 0.11)
(0.0131 -0.006666666667 0.11)
(0.014142 -0.006666666667 0.11)
(0.0131 -0.003333333333 0.11)
(0.014142 -0.003333333333 0.11)
(0.0131 0 0.11)
(0.014142 0 0.11)
(0.0131 0.003333333333 0.11)
(0.014142 0.003333333333 0.11)
(0.0131 0.006666666667 0.11)
(0.014142 0.006666666667 0.11)
(0.0131 0.01 0.11)
(0.014142 0.01 0.11)
(0.0131 0.01333333333 0.11)
(0.014142 0.01333333333 0.11)
(0.0131 0.01666666667 0.11)
(0.014142 0.01666666667 0.11)
(0.0131 0.02 0.11)
(0.014142 0.02 0.11)
(0.0131 -0.02 0.1133333333)
(0.014142 -0.02 0.1133333333)
(0.0131 -0.01666666667 0.1133333333)
(0.014142 -0.01666666667 0.1133333333)
(0.0131 -0.01333333333 0.1133333333)
(0.014142 -0.01333333333 0.1133333333)
(0.0131 -0.01 0.1133333333)
(0.014142 -0.01 0.1133333333)
(0.0131 -0.006666666667 0.1133333333)
(0.014142 -0.006666666667 0.1133333333)
(0.0131 -0.003333333333 0.1133333333)
(0.014142 -0.003333333333 0.1133333333)
(0.0131 0 0.1133333333)
(0.014142 0 0.1133333333)
(0.0131 0.003333333333 0.1133333333)
(0.014142 0.003333333333 0.1133333333)
(0.0131 0.006666666667 0.1133333333)
(0.014142 0.006666666667 0.1133333333)
(0.0131 0.01 0.1133333333)
(0.014142 0.01 0.1133333333)
(0.0131 0.01333333333 0.1133333333)
(0.014142 0.01333333333 0.1133333333)
(0.0131 0.01666666667 0.1133333333)
(0.014142 0.01666666667 0.1133333333)
(0.0131 0.02 0.1133333333)
(0.014142 0.02 0.1133333333)
(0.0131 -0.02 0.1166666667)
(0.014142 -0.02 0.1166666667)
(0.0131 -0.01666666667 0.1166666667)
(0.014142 -0.01666666667 0.1166666667)
(0.0131 -0.01333333333 0.1166666667)
(0.014142 -0.01333333333 0.1166666667)
(0.0131 -0.01 0.1166666667)
(0.014142 -0.01 0.1166666667)
(0.0131 -0.006666666667 0.1166666667)
(0.014142 -0.006666666667 0.1166666667)
(0.0131 -0.003333333333 0.1166666667)
(0.014142 -0.003333333333 0.1166666667)
(0.0131 0 0.1166666667)
(0.014142 0 0.1166666667)
(0.0131 0.003333333333 0.1166666667)
(0.014142 0.003333333333 0.1166666667)
(0.0131 0.006666666667 0.1166666667)
(0.014142 0.006666666667 0.1166666667)
(0.0131 0.01 0.1166666667)
(0.014142 0.01 0.1166666667)
(0.0131 0.01333333333 0.1166666667)
(0.014142 0.01333333333 0.1166666667)
(0.0131 0.01666666667 0.1166666667)
(0.014142 0.01666666667 0.1166666667)
(0.0131 0.02 0.1166666667)
(0.014142 0.02 0.1166666667)
(0.0131 -0.02 0.12)
(0.014142 -0.02 0.12)
(0.0131 -0.01666666667 0.12)
(0.014142 -0.01666666667 0.12)
(0.0131 -0.01333333333 0.12)
(0.014142 -0.01333333333 0.12)
(0.0131 -0.01 0.12)
(0.014142 -0.01 0.12)
(0.0131 -0.006666666667 0.12)
(0.014142 -0.006666666667 0.12)
(0.0131 -0.003333333333 0.12)
(0.014142 -0.003333333333 0.12)
(0.0131 0 0.12)
(0.014142 0 0.12)
(0.0131 0.003333333333 0.12)
(0.014142 0.003333333333 0.12)
(0.0131 0.006666666667 0.12)
(0.014142 0.006666666667 0.12)
(0.0131 0.01 0.12)
(0.014142 0.01 0.12)
(0.0131 0.01333333333 0.12)
(0.014142 0.01333333333 0.12)
(0.0131 0.01666666667 0.12)
(0.014142 0.01666666667 0.12)
(0.0131 0.02 0.12)
(0.014142 0.02 0.12)
(0.0131 -0.02 0.1233333333)
(0.014142 -0.02 0.1233333333)
(0.0131 -0.01666666667 0.1233333333)
(0.014142 -0.01666666667 0.1233333333)
(0.0131 -0.01333333333 0.1233333333)
(0.014142 -0.01333333333 0.1233333333)
(0.0131 -0.01 0.1233333333)
(0.014142 -0.01 0.1233333333)
(0.0131 -0.006666666667 0.1233333333)
(0.014142 -0.006666666667 0.1233333333)
(0.0131 -0.003333333333 0.1233333333)
(0.014142 -0.003333333333 0.1233333333)
(0.0131 0 0.1233333333)
(0.014142 0 0.1233333333)
(0.0131 0.003333333333 0.1233333333)
(0.014142 0.003333333333 0.1233333333)
(0.0131 0.006666666667 0.1233333333)
(0.014142 0.006666666667 0.1233333333)
(0.0131 0.01 0.1233333333)
(0.014142 0.01 0.1233333333)
(0.0131 0.01333333333 0.1233333333)
(0.014142 0.01333333333 0.1233333333)
(0.0131 0.01666666667 0.1233333333)
(0.014142 0.01666666667 0.1233333333)
(0.0131 0.02 0.1233333333)
(0.014142 0.02 0.1233333333)
(0.0131 -0.02 0.1266666667)
(0.014142 -0.02 0.1266666667)
(0.0131 -0.01666666667 0.1266666667)
(0.014142 -0.01666666667 0.1266666667)
(0.0131 -0.01333333333 0.1266666667)
(0.014142 -0.01333333333 0.1266666667)
(0.0131 -0.01 0.1266666667)
(0.014142 -0.01 0.1266666667)
(0.0131 -0.006666666667 0.1266666667)
(0.014142 -0.006666666667 0.1266666667)
(0.0131 -0.003333333333 0.1266666667)
(0.014142 -0.003333333333 0.1266666667)
(0.0131 0 0.1266666667)
(0.014142 0 0.1266666667)
(0.0131 0.003333333333 0.1266666667)
(0.014142 0.003333333333 0.1266666667)
(0.0131 0.006666666667 0.1266666667)
(0.014142 0.006666666667 0.1266666667)
(0.0131 0.01 0.1266666667)
(0.014142 0.01 0.1266666667)
(0.0131 0.01333333333 0.1266666667)
(0.014142 0.01333333333 0.1266666667)
(0.0131 0.01666666667 0.1266666667)
(0.014142 0.01666666667 0.1266666667)
(0.0131 0.02 0.1266666667)
(0.014142 0.02 0.1266666667)
(0.0131 -0.02 0.13)
(0.014142 -0.02 0.13)
(0.0131 -0.01666666667 0.13)
(0.014142 -0.01666666667 0.13)
(0.0131 -0.01333333333 0.13)
(0.014142 -0.01333333333 0.13)
(0.0131 -0.01 0.13)
(0.014142 -0.01 0.13)
(0.0131 -0.006666666667 0.13)
(0.014142 -0.006666666667 0.13)
(0.0131 -0.003333333333 0.13)
(0.014142 -0.003333333333 0.13)
(0.0131 0 0.13)
(0.014142 0 0.13)
(0.0131 0.003333333333 0.13)
(0.014142 0.003333333333 0.13)
(0.0131 0.006666666667 0.13)
(0.014142 0.006666666667 0.13)
(0.0131 0.01 0.13)
(0.014142 0.01 0.13)
(0.0131 0.01333333333 0.13)
(0.014142 0.01333333333 0.13)
(0.0131 0.01666666667 0.13)
(0.014142 0.01666666667 0.13)
(0.0131 0.02 0.13)
(0.014142 0.02 0.13)
(0.0131 -0.02 0.1333333333)
(0.014142 -0.02 0.1333333333)
(0.0131 -0.01666666667 0.1333333333)
(0.014142 -0.01666666667 0.1333333333)
(0.0131 -0.01333333333 0.1333333333)
(0.014142 -0.01333333333 0.1333333333)
(0.0131 -0.01 0.1333333333)
(0.014142 -0.01 0.1333333333)
(0.0131 -0.006666666667 0.1333333333)
(0.014142 -0.006666666667 0.1333333333)
(0.0131 -0.003333333333 0.1333333333)
(0.014142 -0.003333333333 0.1333333333)
(0.0131 0 0.1333333333)
(0.014142 0 0.1333333333)
(0.0131 0.003333333333 0.1333333333)
(0.014142 0.003333333333 0.1333333333)
(0.0131 0.006666666667 0.1333333333)
(0.014142 0.006666666667 0.1333333333)
(0.0131 0.01 0.1333333333)
(0.014142 0.01 0.1333333333)
(0.0131 0.01333333333 0.1333333333)
(0.014142 0.01333333333 0.1333333333)
(0.0131 0.01666666667 0.1333333333)
(0.014142 0.01666666667 0.1333333333)
(0.0131 0.02 0.1333333333)
(0.014142 0.02 0.1333333333)
(0.0131 -0.02 0.1366666667)
(0.014142 -0.02 0.1366666667)
(0.0131 -0.01666666667 0.1366666667)
(0.014142 -0.01666666667 0.1366666667)
(0.0131 -0.01333333333 0.1366666667)
(0.014142 -0.01333333333 0.1366666667)
(0.0131 -0.01 0.1366666667)
(0.014142 -0.01 0.1366666667)
(0.0131 -0.006666666667 0.1366666667)
(0.014142 -0.006666666667 0.1366666667)
(0.0131 -0.003333333333 0.1366666667)
(0.014142 -0.003333333333 0.1366666667)
(0.0131 0 0.1366666667)
(0.014142 0 0.1366666667)
(0.0131 0.003333333333 0.1366666667)
(0.014142 0.003333333333 0.1366666667)
(0.0131 0.006666666667 0.1366666667)
(0.014142 0.006666666667 0.1366666667)
(0.0131 0.01 0.1366666667)
(0.014142 0.01 0.1366666667)
(0.0131 0.01333333333 0.1366666667)
(0.014142 0.01333333333 0.1366666667)
(0.0131 0.01666666667 0.1366666667)
(0.014142 0.01666666667 0.1366666667)
(0.0131 0.02 0.1366666667)
(0.014142 0.02 0.1366666667)
(0.0131 -0.02 0.14)
(0.014142 -0.02 0.14)
(0.0131 -0.01666666667 0.14)
(0.014142 -0.01666666667 0.14)
(0.0131 -0.01333333333 0.14)
(0.014142 -0.01333333333 0.14)
(0.0131 -0.01 0.14)
(0.014142 -0.01 0.14)
(0.0131 -0.006666666667 0.14)
(0.014142 -0.006666666667 0.14)
(0.0131 -0.003333333333 0.14)
(0.014142 -0.003333333333 0.14)
(0.0131 0 0.14)
(0.014142 0 0.14)
(0.0131 0.003333333333 0.14)
(0.014142 0.003333333333 0.14)
(0.0131 0.006666666667 0.14)
(0.014142 0.006666666667 0.14)
(0.0131 0.01 0.14)
(0.014142 0.01 0.14)
(0.0131 0.01333333333 0.14)
(0.014142 0.01333333333 0.14)
(0.0131 0.01666666667 0.14)
(0.014142 0.01666666667 0.14)
(0.0131 0.02 0.14)
(0.014142 0.02 0.14)
(0.0131 -0.02 0.1433333333)
(0.014142 -0.02 0.1433333333)
(0.0131 -0.01666666667 0.1433333333)
(0.014142 -0.01666666667 0.1433333333)
(0.0131 -0.01333333333 0.1433333333)
(0.014142 -0.01333333333 0.1433333333)
(0.0131 -0.01 0.1433333333)
(0.014142 -0.01 0.1433333333)
(0.0131 -0.006666666667 0.1433333333)
(0.014142 -0.006666666667 0.1433333333)
(0.0131 -0.003333333333 0.1433333333)
(0.014142 -0.003333333333 0.1433333333)
(0.0131 0 0.1433333333)
(0.014142 0 0.1433333333)
(0.0131 0.003333333333 0.1433333333)
(0.014142 0.003333333333 0.1433333333)
(0.0131 0.006666666667 0.1433333333)
(0.014142 0.006666666667 0.1433333333)
(0.0131 0.01 0.1433333333)
(0.014142 0.01 0.1433333333)
(0.0131 0.01333333333 0.1433333333)
(0.014142 0.01333333333 0.1433333333)
(0.0131 0.01666666667 0.1433333333)
(0.014142 0.01666666667 0.1433333333)
(0.0131 0.02 0.1433333333)
(0.014142 0.02 0.1433333333)
(0.0131 -0.02 0.1466666667)
(0.014142 -0.02 0.1466666667)
(0.0131 -0.01666666667 0.1466666667)
(0.014142 -0.01666666667 0.1466666667)
(0.0131 -0.01333333333 0.1466666667)
(0.014142 -0.01333333333 0.1466666667)
(0.0131 -0.01 0.1466666667)
(0.014142 -0.01 0.1466666667)
(0.0131 -0.006666666667 0.1466666667)
(0.014142 -0.006666666667 0.1466666667)
(0.0131 -0.003333333333 0.1466666667)
(0.014142 -0.003333333333 0.1466666667)
(0.0131 0 0.1466666667)
(0.014142 0 0.1466666667)
(0.0131 0.003333333333 0.1466666667)
(0.014142 0.003333333333 0.1466666667)
(0.0131 0.006666666667 0.1466666667)
(0.014142 0.006666666667 0.1466666667)
(0.0131 0.01 0.1466666667)
(0.014142 0.01 0.1466666667)
(0.0131 0.01333333333 0.1466666667)
(0.014142 0.01333333333 0.1466666667)
(0.0131 0.01666666667 0.1466666667)
(0.014142 0.01666666667 0.1466666667)
(0.0131 0.02 0.1466666667)
(0.014142 0.02 0.1466666667)
(0.0131 -0.02 0.15)
(0.014142 -0.02 0.15)
(0.0131 -0.01666666667 0.15)
(0.014142 -0.01666666667 0.15)
(0.0131 -0.01333333333 0.15)
(0.014142 -0.01333333333 0.15)
(0.0131 -0.01 0.15)
(0.014142 -0.01 0.15)
(0.0131 -0.006666666667 0.15)
(0.014142 -0.006666666667 0.15)
(0.0131 -0.003333333333 0.15)
(0.014142 -0.003333333333 0.15)
(0.0131 0 0.15)
(0.014142 0 0.15)
(0.0131 0.003333333333 0.15)
(0.014142 0.003333333333 0.15)
(0.0131 0.006666666667 0.15)
(0.014142 0.006666666667 0.15)
(0.0131 0.01 0.15)
(0.014142 0.01 0.15)
(0.0131 0.01333333333 0.15)
(0.014142 0.01333333333 0.15)
(0.0131 0.01666666667 0.15)
(0.014142 0.01666666667 0.15)
(0.0131 0.02 0.15)
(0.014142 0.02 0.15)
)


// ************************************************************************* //
